ts_code,trade_date,open,high,low,close,pre_close,change,pct_chg,vol,amount
301136.SZ,20220111,25.0,27.0,23.1,24.0,10.52,13.48,128.1369,428513.46,1050812.557
301136.SZ,20220112,22.0,24.1,21.5,22.8,24.0,-1.2,-5.0,310089.52,696652.565
301136.SZ,20220113,22.7,24.18,22.01,22.99,22.8,0.19,0.8333,284919.02,659263.883
301136.SZ,20220114,21.83,23.98,20.75,22.81,22.99,-0.18,-0.7829,329197.62,726060.137
301136.SZ,20220117,22.31,25.48,21.9,25.12,22.81,2.31,10.1271,374518.05,899739.043
301136.SZ,20220118,27.0,30.14,27.0,30.14,25.12,5.02,19.9841,86398.89,251541.549
301136.SZ,20220119,31.0,32.33,27.43,27.43,30.14,-2.71,-8.9914,426478.09,1255069.166
301136.SZ,20220120,25.8,26.4,23.4,23.5,27.43,-3.93,-14.3274,313052.9,777425.388
301136.SZ,20220121,23.68,23.78,21.7,22.08,23.5,-1.42,-6.0426,202625.37,458145.721
301136.SZ,20220124,22.25,22.9,21.56,21.93,22.08,-0.15,-0.6793,132521.06,294305.852
301136.SZ,20220125,21.65,21.73,20.33,20.33,21.93,-1.6,-7.2959,117178.63,246161.114
301136.SZ,20220126,20.68,21.76,20.0,21.42,20.33,1.09,5.3615,139739.9,294085.37
301136.SZ,20220127,21.08,22.59,20.47,21.01,21.42,-0.41,-1.9141,155086.03,334121.061
301136.SZ,20220128,21.48,22.28,20.92,21.45,21.01,0.44,2.0942,117757.57,253689.169
301136.SZ,20220207,21.99,25.16,21.68,25.02,21.45,3.57,16.6434,208642.62,491069.51
301136.SZ,20220208,23.3,24.37,23.08,23.72,25.02,-1.3,-5.1958,156209.54,368664.784
301136.SZ,20220209,23.84,24.2,23.21,23.98,23.72,0.26,1.0961,133007.18,315269.127
301136.SZ,20220210,23.99,25.58,23.35,23.81,23.98,-0.17,-0.7089,176785.78,433786.339
301136.SZ,20220211,22.4,22.41,21.47,21.55,23.81,-2.26,-9.4918,161213.32,354203.914
301136.SZ,20220214,21.23,22.13,21.23,21.69,21.55,0.14,0.6497,80015.99,173672.363
301136.SZ,20220215,21.6,22.55,20.7,22.17,21.69,0.48,2.213,114230.89,250479.107
301136.SZ,20220216,22.15,24.55,21.98,24.1,22.17,1.93,8.7055,210834.98,489932.299
301136.SZ,20220217,23.69,23.94,22.96,23.06,24.1,-1.04,-4.3154,161664.39,378098.436
301136.SZ,20220218,22.51,24.51,22.51,24.04,23.06,0.98,4.2498,184275.57,437152.203
301136.SZ,20220221,23.64,24.8,23.58,24.69,24.04,0.65,2.7038,185185.05,450363.797
301136.SZ,20220222,24.05,24.65,23.41,23.44,24.69,-1.25,-5.0628,140478.88,335026.692
301136.SZ,20220223,23.13,23.98,23.1,23.67,23.44,0.23,0.9812,100752.6,237687.494
301136.SZ,20220224,24.26,24.5,21.0,22.15,23.67,-1.52,-6.4216,165081.67,376685.911
301136.SZ,20220225,22.15,23.2,21.68,21.82,22.15,-0.33,-1.4898,104211.69,233135.858
301136.SZ,20220228,22.0,22.14,21.1,21.67,21.82,-0.15,-0.6874,57032.28,122757.966
301136.SZ,20220301,21.7,21.95,21.27,21.8,21.67,0.13,0.5999,59693.44,129226.897
301136.SZ,20220302,21.6,22.8,21.55,22.71,21.8,0.91,4.1743,105416.18,234487.89
301136.SZ,20220303,22.5,22.68,22.07,22.19,22.71,-0.52,-2.2897,75779.87,168849.488
301136.SZ,20220304,21.92,22.39,21.27,21.31,22.19,-0.88,-3.9658,73979.4,161207.797
301136.SZ,20220307,21.28,21.85,21.13,21.16,21.31,-0.15,-0.7039,63219.57,135687.34
301136.SZ,20220308,21.15,21.65,20.2,21.37,21.16,0.21,0.9924,81834.13,173003.493
301136.SZ,20220309,21.25,22.42,21.01,22.07,21.37,0.7,3.2756,108841.52,237507.375
301136.SZ,20220310,22.22,23.6,21.87,22.96,22.07,0.89,4.0326,151056.9,343100.356
301136.SZ,20220311,22.18,22.39,21.23,21.89,22.96,-1.07,-4.6603,98547.95,214491.815
301136.SZ,20220314,21.4,22.3,21.33,22.15,21.89,0.26,1.1878,80453.98,176628.74
301136.SZ,20220315,21.82,23.12,21.08,21.43,22.15,-0.72,-3.2506,118619.6,265350.63
301136.SZ,20220316,21.43,21.88,20.23,21.35,21.43,-0.08,-0.3733,101110.52,211586.679
301136.SZ,20220317,21.8,22.69,21.38,22.49,21.35,1.14,5.3396,130892.04,288291.995
301136.SZ,20220318,22.09,24.19,21.89,23.28,22.49,0.79,3.5127,197334.54,459937.715
301136.SZ,20220321,22.92,24.29,22.61,23.79,23.28,0.51,2.1907,174414.17,409530.184
301136.SZ,20220322,23.52,24.47,23.0,23.97,23.79,0.18,0.7566,156184.24,370753.108
301136.SZ,20220323,23.71,23.8,22.73,23.08,23.97,-0.89,-3.713,110335.02,255360.071
301136.SZ,20220324,23.08,25.33,22.9,23.8,23.08,0.72,3.1196,181694.18,440764.891
301136.SZ,20220325,23.25,23.66,22.23,22.3,23.8,-1.5,-6.3025,137775.17,316682.434
301136.SZ,20220328,21.65,22.27,20.9,22.26,22.3,-0.04,-0.1794,97966.29,211287.405
301136.SZ,20220329,21.92,22.16,21.16,21.2,22.26,-1.06,-4.7619,71307.85,153839.839
301136.SZ,20220330,21.37,22.88,21.28,22.74,21.2,1.54,7.2642,121621.06,269182.285
301136.SZ,20220331,22.74,23.85,22.6,22.85,22.74,0.11,0.4837,123023.22,283764.126
301136.SZ,20220401,22.55,23.57,21.78,21.85,22.85,-1.0,-4.3764,89937.26,202990.21
301136.SZ,20220406,21.41,23.11,21.41,23.06,21.85,1.21,5.5378,103325.68,232669.807
301136.SZ,20220407,22.89,24.1,22.75,23.68,23.06,0.62,2.6886,179444.0,421843.22
301136.SZ,20220408,24.21,26.43,22.08,22.09,23.68,-1.59,-6.7145,272550.05,672183.846
301136.SZ,20220411,21.01,23.6,20.3,23.4,22.09,1.31,5.9303,210099.63,466118.195
301136.SZ,20220412,22.64,23.76,22.01,23.6,23.4,0.2,0.8547,175156.57,403942.828
301136.SZ,20220413,23.18,23.35,21.71,21.79,23.6,-1.81,-7.6695,125802.71,282555.614
301136.SZ,20220414,22.0,22.58,21.61,21.91,21.79,0.12,0.5507,76839.25,169920.657
301136.SZ,20220415,21.7,22.22,20.9,21.21,21.91,-0.7,-3.1949,93835.34,200951.008
301136.SZ,20220418,20.91,21.85,20.71,21.33,21.21,0.12,0.5658,56846.9,121340.811
301136.SZ,20220419,21.16,21.8,20.91,21.79,21.33,0.46,2.1566,69421.14,148672.413
301136.SZ,20220420,22.0,22.12,21.01,21.4,21.79,-0.39,-1.7898,60887.64,130640.953
301136.SZ,20220421,21.2,21.78,21.1,21.54,21.4,0.14,0.6542,70893.78,152311.091
301136.SZ,20220422,21.2,22.71,21.1,22.5,21.54,0.96,4.4568,119384.61,264387.131
301136.SZ,20220425,22.0,23.4,21.9,21.93,22.5,-0.57,-2.5333,144063.49,325787.013
301136.SZ,20220426,21.25,23.55,21.24,23.0,21.93,1.07,4.8792,166810.26,377731.589
301136.SZ,20220427,23.13,24.18,22.25,23.91,23.0,0.91,3.9565,216544.75,506019.88
301136.SZ,20220428,22.59,23.25,21.55,22.84,23.91,-1.07,-4.4751,154579.22,349330.295
301136.SZ,20220429,22.56,25.3,22.53,24.35,22.84,1.51,6.6112,221245.08,529180.895
301136.SZ,20220505,24.2,25.29,23.72,24.01,24.35,-0.34,-1.3963,211637.8,515365.356
301136.SZ,20220506,23.08,24.6,22.92,23.22,24.01,-0.79,-3.2903,147237.38,348323.792
301136.SZ,20220509,25.0,25.19,23.23,23.78,23.22,0.56,2.4117,141538.15,338842.249
301136.SZ,20220510,23.31,26.1,23.31,25.53,23.78,1.75,7.3591,234551.55,588566.139
301136.SZ,20220511,25.2,25.38,24.25,24.34,25.53,-1.19,-4.6612,199841.89,497275.802
301136.SZ,20220512,24.8,26.05,24.43,25.5,24.34,1.16,4.7658,188429.12,474728.549
301136.SZ,20220513,25.89,25.89,24.27,25.06,25.5,-0.44,-1.7255,143812.2,356246.385
301136.SZ,20220516,25.0,25.0,23.63,24.2,25.06,-0.86,-3.4318,114069.53,276753.294
301136.SZ,20220517,23.99,24.18,23.35,24.13,24.2,-0.07,-0.2893,90464.91,214843.837
301136.SZ,20220518,24.01,24.22,23.71,23.87,24.13,-0.26,-1.0775,71447.56,171036.415
301136.SZ,20220519,23.69,24.4,23.3,24.1,23.87,0.23,0.9636,96771.77,232445.308
301136.SZ,20220520,24.2,24.46,22.76,22.78,24.1,-1.32,-5.4772,144327.39,338556.028
301136.SZ,20220523,22.4,22.58,21.88,22.58,22.78,-0.2,-0.878,94167.06,209803.293
301136.SZ,20220524,22.58,22.6,21.3,21.3,22.58,-1.28,-5.6687,102539.07,223715.855
301136.SZ,20220525,21.47,21.82,21.32,21.76,21.3,0.46,2.1596,57025.91,123597.577
301136.SZ,20220526,21.76,22.4,21.76,22.15,21.76,0.39,1.7923,72694.6,161201.069
301136.SZ,20220527,22.15,22.45,21.65,21.85,22.15,-0.3,-1.3544,61346.22,135450.169
301136.SZ,20220530,21.84,22.21,21.62,22.2,21.85,0.35,1.6018,49588.25,109125.632
301136.SZ,20220531,22.2,22.54,21.8,22.27,22.2,0.07,0.3153,58681.98,129942.689
301136.SZ,20220601,22.03,22.26,21.61,21.7,22.17,-0.47,-2.12,57752.0,126391.841
301136.SZ,20220602,21.56,21.85,21.42,21.69,21.7,-0.01,-0.0461,35786.44,77429.563
301136.SZ,20220606,21.74,22.13,21.63,22.03,21.69,0.34,1.5675,52648.7,115201.028
301136.SZ,20220607,22.05,22.1,21.5,21.7,22.03,-0.33,-1.498,46439.51,100777.929
301136.SZ,20220608,21.75,21.84,20.94,21.2,21.7,-0.5,-2.3041,57212.31,122112.053
301136.SZ,20220609,21.22,21.82,20.96,21.6,21.2,0.4,1.8868,57996.7,124453.161
301136.SZ,20220610,21.34,21.6,21.27,21.34,21.6,-0.26,-1.2037,45037.5,96413.167
301136.SZ,20220613,21.18,21.6,21.1,21.48,21.34,0.14,0.656,35408.47,75712.296
301136.SZ,20220614,21.27,21.55,20.96,21.3,21.48,-0.18,-0.838,34382.38,73066.633
301136.SZ,20220615,21.31,21.78,21.22,21.58,21.3,0.28,1.3146,53866.83,116269.539
301136.SZ,20220616,21.78,21.78,21.26,21.36,21.58,-0.22,-1.0195,35415.62,75920.497
301136.SZ,20220617,21.2,21.28,20.6,20.81,21.36,-0.55,-2.5749,57659.41,120404.582
301136.SZ,20220620,20.85,21.0,20.7,20.89,20.81,0.08,0.3844,31071.79,64821.172
301136.SZ,20220621,20.89,21.06,20.67,20.79,20.89,-0.1,-0.4787,32712.93,68193.017
301136.SZ,20220622,20.8,20.89,19.94,20.0,20.79,-0.79,-3.7999,53109.95,107742.4
301136.SZ,20220623,20.14,20.16,19.26,19.44,20.0,-0.56,-2.8,62257.8,121249.122
301136.SZ,20220624,19.59,19.68,19.32,19.41,19.44,-0.03,-0.1543,35920.43,69994.396
301136.SZ,20220627,19.41,19.69,19.3,19.61,19.41,0.2,1.0304,36448.12,71070.034
301136.SZ,20220628,19.5,20.68,19.31,20.3,19.61,0.69,3.5186,66816.46,134203.102
301136.SZ,20220629,20.15,20.65,20.12,20.2,20.3,-0.1,-0.4926,54233.34,110494.168
301136.SZ,20220630,20.27,20.27,19.91,19.95,20.2,-0.25,-1.2376,35561.73,71170.283
301136.SZ,20220701,19.96,20.18,19.71,19.96,19.95,0.01,0.0501,27730.64,55393.777
301136.SZ,20220704,20.02,20.09,19.77,19.91,19.96,-0.05,-0.2505,18705.82,37142.358
301136.SZ,20220705,19.88,19.94,19.46,19.54,19.91,-0.37,-1.8584,30574.17,60109.611
301136.SZ,20220706,19.48,19.5,18.78,18.86,19.54,-0.68,-3.48,36790.19,70252.533
301136.SZ,20220707,18.9,19.2,18.2,19.17,18.86,0.31,1.6437,39671.13,74517.152
301136.SZ,20220708,19.01,19.25,18.83,18.83,19.17,-0.34,-1.7736,31906.81,60660.649
301136.SZ,20220711,18.59,18.71,18.26,18.43,18.83,-0.4,-2.1243,39524.4,72867.626
301136.SZ,20220712,18.33,18.85,18.21,18.55,18.43,0.12,0.6511,36577.83,67880.534
301136.SZ,20220713,18.55,19.34,18.42,18.99,18.55,0.44,2.372,47599.24,90564.203
301136.SZ,20220714,18.88,18.88,18.47,18.55,18.99,-0.44,-2.317,36533.23,68081.427
301136.SZ,20220715,18.42,18.63,17.55,17.57,18.55,-0.98,-5.283,52687.03,94473.517
301136.SZ,20220718,17.61,18.75,17.61,18.61,17.57,1.04,5.9192,62348.38,114463.24
301136.SZ,20220719,18.76,18.8,18.36,18.69,18.61,0.08,0.4299,29366.75,54536.467
301136.SZ,20220720,18.69,19.53,18.69,19.3,18.69,0.61,3.2638,61355.2,117420.316
301136.SZ,20220721,19.13,19.2,18.9,18.92,19.3,-0.38,-1.9689,33638.03,63941.958
301136.SZ,20220722,18.95,19.06,18.64,18.82,18.92,-0.1,-0.5285,30366.36,57255.463
301136.SZ,20220725,18.83,18.99,18.58,18.58,18.82,-0.24,-1.2752,18979.77,35515.218
301136.SZ,20220726,18.7,18.75,18.22,18.69,18.58,0.11,0.592,24551.03,45507.104
301136.SZ,20220727,18.67,18.89,18.58,18.82,18.69,0.13,0.6956,19929.46,37418.308
301136.SZ,20220728,18.82,19.09,18.79,18.86,18.82,0.04,0.2125,30684.43,58160.212
301136.SZ,20220729,18.84,18.97,18.38,18.41,18.86,-0.45,-2.386,25543.55,47378.491
301136.SZ,20220801,18.28,18.59,18.11,18.41,18.41,0.0,0.0,18148.44,33263.271
301136.SZ,20220802,18.41,18.41,16.57,16.81,18.41,-1.6,-8.6909,57364.52,98150.223
301136.SZ,20220803,16.61,17.16,16.61,16.7,16.81,-0.11,-0.6544,30153.74,51018.189
301136.SZ,20220804,16.83,17.15,16.79,17.05,16.7,0.35,2.0958,22012.57,37317.177
301136.SZ,20220805,17.13,17.13,16.86,17.06,17.05,0.01,0.0587,18438.78,31362.201
301136.SZ,20220808,17.2,17.27,16.93,17.21,17.06,0.15,0.8792,18585.44,31887.086
301136.SZ,20220809,17.21,17.28,17.01,17.11,17.21,-0.1,-0.5811,15413.18,26377.018
301136.SZ,20220810,17.14,17.16,16.84,16.93,17.11,-0.18,-1.052,19550.6,33115.701
301136.SZ,20220811,17.05,17.34,17.0,17.17,16.93,0.24,1.4176,21912.92,37670.413
301136.SZ,20220812,17.23,17.35,17.0,17.21,17.17,0.04,0.233,26891.86,46187.113
301136.SZ,20220815,17.17,17.18,16.97,17.18,17.21,-0.03,-0.1743,19427.0,33119.685
301136.SZ,20220816,17.49,17.7,17.24,17.36,17.18,0.18,1.0477,36449.58,63467.14
301136.SZ,20220817,17.29,17.39,17.0,17.1,17.36,-0.26,-1.4977,26631.75,45580.041
301136.SZ,20220818,17.09,17.09,16.81,16.89,17.1,-0.21,-1.2281,21559.46,36402.63
301136.SZ,20220819,16.9,17.02,16.61,16.61,16.89,-0.28,-1.6578,23298.14,39057.525
301136.SZ,20220822,16.48,16.78,16.36,16.73,16.61,0.12,0.7225,16595.35,27598.757
301136.SZ,20220823,16.59,16.67,16.44,16.46,16.73,-0.27,-1.6139,17646.74,29129.669
301136.SZ,20220824,16.47,16.6,15.86,15.9,16.46,-0.56,-3.4022,31224.95,50601.795
301136.SZ,20220825,15.95,16.14,15.72,16.03,15.9,0.13,0.8176,23117.87,36816.597
301136.SZ,20220826,16.02,16.12,15.79,15.83,16.03,-0.2,-1.2477,17249.44,27438.03
301136.SZ,20220829,15.56,15.91,15.12,15.88,15.83,0.05,0.3159,16239.32,25449.278
301136.SZ,20220830,15.91,16.35,15.9,16.15,15.88,0.27,1.7003,25181.62,40774.63
301136.SZ,20220831,16.06,16.2,15.72,15.73,16.15,-0.42,-2.6006,19881.43,31707.841
301136.SZ,20220901,15.83,15.96,15.58,15.6,15.73,-0.13,-0.8264,14776.72,23297.613
301136.SZ,20220902,15.62,16.56,15.52,16.23,15.6,0.63,4.0385,38789.89,62674.935
301136.SZ,20220905,16.16,16.46,15.97,16.32,16.23,0.09,0.5545,28065.55,45475.855
301136.SZ,20220906,16.29,16.38,16.09,16.13,16.32,-0.19,-1.1642,16254.93,26285.811
301136.SZ,20220907,16.09,16.17,15.77,15.92,16.13,-0.21,-1.3019,30754.49,48829.427
301136.SZ,20220908,16.03,16.35,15.86,15.94,15.92,0.02,0.1256,21399.72,34330.206
301136.SZ,20220909,15.86,16.14,15.82,15.96,15.94,0.02,0.1255,12311.53,19657.8
301136.SZ,20220913,15.96,16.2,15.94,16.11,15.96,0.15,0.9398,15471.38,24872.757
301136.SZ,20220914,15.8,15.95,15.67,15.86,16.11,-0.25,-1.5518,13575.4,21468.512
301136.SZ,20220915,15.92,16.02,15.21,15.42,15.86,-0.44,-2.7743,20732.91,32324.91
301136.SZ,20220916,15.42,15.42,14.8,14.8,15.42,-0.62,-4.0208,18583.4,28009.896
301136.SZ,20220919,14.8,14.83,14.46,14.65,14.8,-0.15,-1.0135,12241.44,17915.26
301136.SZ,20220920,14.65,14.92,14.65,14.86,14.65,0.21,1.4334,12836.41,19029.492
301136.SZ,20220921,14.83,15.02,14.53,14.98,14.86,0.12,0.8075,13189.19,19552.614
301136.SZ,20220922,14.9,15.05,14.66,14.68,14.98,-0.3,-2.0027,10641.37,15788.925
301136.SZ,20220923,14.73,14.78,14.11,14.16,14.68,-0.52,-3.5422,15135.6,21762.534
301136.SZ,20220926,14.01,14.15,13.81,13.87,14.16,-0.29,-2.048,16210.58,22611.711
301136.SZ,20220927,13.86,14.29,13.86,14.29,13.87,0.42,3.0281,14303.3,20186.543
301136.SZ,20220928,14.39,14.39,13.8,13.8,14.29,-0.49,-3.429,13903.0,19565.026
301136.SZ,20220929,13.9,13.99,13.5,13.61,13.8,-0.19,-1.3768,13371.74,18401.764
301136.SZ,20220930,13.62,13.7,13.44,13.44,13.61,-0.17,-1.2491,9714.84,13139.959
301136.SZ,20221010,13.51,13.59,13.18,13.22,13.44,-0.22,-1.6369,12060.5,16125.55
301136.SZ,20221011,13.2,13.3,12.78,13.18,13.22,-0.04,-0.3026,26969.72,35261.165
301136.SZ,20221012,13.13,13.5,13.0,13.5,13.18,0.32,2.4279,14725.72,19553.283
301136.SZ,20221013,13.44,13.96,13.41,13.79,13.5,0.29,2.1481,22844.4,31364.37
301136.SZ,20221014,14.15,14.5,14.01,14.1,13.79,0.31,2.248,30683.11,43593.722
301136.SZ,20221017,14.0,14.24,13.95,14.2,14.1,0.1,0.7092,19980.5,28283.051
301136.SZ,20221018,14.32,14.74,14.24,14.28,14.2,0.08,0.5634,24989.53,36068.926
301136.SZ,20221019,14.21,14.33,14.02,14.07,14.28,-0.21,-1.4706,15703.71,22190.071
301136.SZ,20221020,14.1,14.22,13.86,14.06,14.07,-0.01,-0.0711,14510.3,20406.112
301136.SZ,20221021,14.2,14.36,13.98,13.99,14.06,-0.07,-0.4979,14150.0,20011.806
301136.SZ,20221024,14.0,14.29,13.63,13.68,13.99,-0.31,-2.2159,16376.11,22844.879
301136.SZ,20221025,13.68,13.76,13.38,13.63,13.68,-0.05,-0.3655,12626.55,17145.211
301136.SZ,20221026,13.58,14.03,13.58,13.9,13.63,0.27,1.9809,13724.77,19051.358
301136.SZ,20221027,14.11,14.14,13.88,13.97,13.9,0.07,0.5036,13058.65,18296.365
301136.SZ,20221028,13.96,13.96,13.14,13.17,13.97,-0.8,-5.7266,16350.88,22038.256
301136.SZ,20221031,13.17,13.72,13.16,13.62,13.17,0.45,3.4169,17645.01,23912.206
301136.SZ,20221101,13.7,13.88,13.56,13.84,13.62,0.22,1.6153,11889.37,16340.922
301136.SZ,20221102,14.04,14.67,14.04,14.18,13.84,0.34,2.4566,30424.0,43231.025
301136.SZ,20221103,14.1,14.45,14.06,14.25,14.18,0.07,0.4937,25144.32,35876.599
301136.SZ,20221104,14.22,14.37,14.1,14.3,14.25,0.05,0.3509,21367.36,30471.69
301136.SZ,20221107,14.33,14.56,14.21,14.55,14.3,0.25,1.7483,26790.51,38664.63
301136.SZ,20221108,14.59,14.66,14.33,14.51,14.55,-0.04,-0.2749,18412.38,26631.43
301136.SZ,20221109,14.55,14.85,14.35,14.37,14.51,-0.14,-0.9649,22735.37,33036.775
301136.SZ,20221110,14.21,14.47,14.21,14.39,14.37,0.02,0.1392,15657.09,22507.288
301136.SZ,20221111,14.58,14.8,14.48,14.58,14.39,0.19,1.3204,27761.49,40640.571
301136.SZ,20221114,14.81,14.88,14.45,14.57,14.58,-0.01,-0.0686,24847.11,36485.392
301136.SZ,20221115,14.55,14.71,14.5,14.7,14.57,0.13,0.8922,15177.55,22205.215
301136.SZ,20221116,14.68,14.76,14.52,14.58,14.7,-0.12,-0.8163,14575.64,21332.013
301136.SZ,20221117,14.59,14.67,14.5,14.58,14.58,0.0,0.0,10698.0,15582.795
301136.SZ,20221118,14.57,14.68,14.31,14.37,14.58,-0.21,-1.4403,13452.72,19492.793
301136.SZ,20221121,14.33,14.45,14.11,14.44,14.37,0.07,0.4871,11251.37,16074.099
301136.SZ,20221122,14.45,15.12,14.34,14.9,14.44,0.46,3.1856,38477.96,56897.668
301136.SZ,20221123,14.96,15.95,14.68,15.61,14.9,0.71,4.7651,121924.0,188844.998
301136.SZ,20221124,15.3,15.49,14.81,14.93,15.61,-0.68,-4.3562,71584.56,108207.794
301136.SZ,20221125,14.88,15.15,14.6,14.64,14.93,-0.29,-1.9424,40670.39,60435.696
301136.SZ,20221128,14.5,14.55,14.01,14.15,14.64,-0.49,-3.347,37547.91,53545.318
301136.SZ,20221129,14.49,15.22,14.3,15.15,14.15,1.0,7.0671,68977.59,102984.236
301136.SZ,20221130,15.18,15.2,14.65,14.76,15.15,-0.39,-2.5743,40761.0,60586.344
301136.SZ,20221201,14.84,14.92,14.6,14.7,14.76,-0.06,-0.4065,30287.09,44584.404
301136.SZ,20221202,14.74,14.79,14.55,14.79,14.7,0.09,0.6122,22463.68,33015.059
301136.SZ,20221205,14.95,15.19,14.77,15.17,14.79,0.38,2.5693,44645.9,67126.502
301136.SZ,20221206,15.0,15.1,14.68,14.74,15.17,-0.43,-2.8345,30310.66,44945.729
301136.SZ,20221207,14.72,14.72,14.38,14.47,14.74,-0.27,-1.8318,26386.13,38282.073
301136.SZ,20221208,14.46,14.53,14.17,14.32,14.47,-0.15,-1.0366,19931.15,28560.098
301136.SZ,20221209,14.3,14.39,14.13,14.32,14.32,0.0,0.0,19733.72,28098.21
301136.SZ,20221212,14.32,14.38,13.91,13.99,14.32,-0.33,-2.3045,26764.72,37685.098
301136.SZ,20221213,14.0,14.05,13.83,13.88,13.99,-0.11,-0.7863,15196.0,21155.618
301136.SZ,20221214,13.95,13.95,13.65,13.78,13.88,-0.1,-0.7205,14704.98,20320.559
301136.SZ,20221215,13.74,13.94,13.74,13.9,13.78,0.12,0.8708,10018.0,13889.148
301136.SZ,20221216,13.85,13.9,13.54,13.57,13.9,-0.33,-2.3741,18545.3,25354.348
301136.SZ,20221219,13.51,13.58,13.09,13.15,13.57,-0.42,-3.0951,17780.0,23592.996
301136.SZ,20221220,13.1,13.29,13.08,13.13,13.15,-0.02,-0.1521,10316.0,13580.438
301136.SZ,20221221,13.28,13.28,12.96,13.02,13.13,-0.11,-0.8378,9852.72,12859.651
301136.SZ,20221222,13.1,13.1,12.62,12.64,13.02,-0.38,-2.9186,15389.72,19742.285
301136.SZ,20221223,12.61,12.76,12.54,12.66,12.64,0.02,0.1582,8244.0,10433.767
301136.SZ,20221226,12.66,12.82,12.61,12.81,12.66,0.15,1.1848,8346.0,10633.958
301136.SZ,20221227,12.82,13.08,12.77,12.91,12.81,0.1,0.7806,13274.37,17165.926
301136.SZ,20221228,12.89,12.91,12.58,12.62,12.91,-0.29,-2.2463,12063.37,15286.107
301136.SZ,20221229,12.6,12.67,12.48,12.51,12.62,-0.11,-0.8716,9683.0,12157.581
301136.SZ,20221230,12.52,12.63,12.42,12.42,12.51,-0.09,-0.7194,7858.0,9824.289
301136.SZ,20230103,12.4,12.71,12.38,12.7,12.42,0.28,2.2544,12298.05,15511.664
301136.SZ,20230104,12.7,13.06,12.65,12.93,12.7,0.23,1.811,17930.6,23107.177
301136.SZ,20230105,13.01,13.01,12.78,12.93,12.93,0.0,0.0,14163.59,18227.436
301136.SZ,20230106,12.96,12.96,12.83,12.86,12.93,-0.07,-0.5414,7833.72,10081.685
301136.SZ,20230109,12.91,12.96,12.78,12.82,12.86,-0.04,-0.311,9877.16,12714.78
301136.SZ,20230110,12.81,12.85,12.72,12.73,12.82,-0.09,-0.702,7722.0,9860.498
301136.SZ,20230111,12.73,12.95,12.35,12.35,12.73,-0.38,-2.9851,30835.37,38947.848
301136.SZ,20230112,12.39,12.44,12.11,12.18,12.35,-0.17,-1.3765,33476.26,40906.412
301136.SZ,20230113,12.2,12.28,12.08,12.2,12.18,0.02,0.1642,14114.46,17187.281
301136.SZ,20230116,12.2,12.58,12.2,12.45,12.2,0.25,2.0492,32140.83,39919.507
301136.SZ,20230117,12.49,12.53,12.31,12.39,12.45,-0.06,-0.4819,15283.72,18972.011
301136.SZ,20230118,12.39,12.54,12.31,12.49,12.39,0.1,0.8071,13322.91,16568.183
301136.SZ,20230119,12.54,12.78,12.43,12.63,12.49,0.14,1.1209,19650.11,24799.203
301136.SZ,20230120,12.64,12.9,12.61,12.86,12.63,0.23,1.8211,19778.37,25276.873
301136.SZ,20230130,12.92,13.07,12.89,13.03,12.86,0.17,1.3219,27691.18,35952.712
301136.SZ,20230131,13.06,13.06,12.91,13.04,13.03,0.01,0.0767,15828.7,20588.657
301136.SZ,20230201,13.05,13.24,13.04,13.23,13.04,0.19,1.4571,20702.98,27243.102
301136.SZ,20230202,13.22,13.35,13.12,13.27,13.23,0.04,0.3023,20692.44,27364.812
301136.SZ,20230203,13.22,13.27,13.05,13.18,13.27,-0.09,-0.6782,19204.0,25217.828
301136.SZ,20230206,13.11,14.01,13.1,14.0,13.18,0.82,6.2215,87449.46,119729.915
301136.SZ,20230207,13.99,14.66,13.65,14.37,14.0,0.37,2.6429,127392.34,180226.598
301136.SZ,20230208,14.1,14.32,13.99,14.02,14.37,-0.35,-2.4356,61121.9,86116.485
301136.SZ,20230209,13.91,14.09,13.85,14.03,14.02,0.01,0.0713,40999.0,57293.068
301136.SZ,20230210,13.98,14.05,13.75,13.82,14.03,-0.21,-1.4968,37546.95,52168.693
301136.SZ,20230213,13.89,14.06,13.82,14.0,13.82,0.18,1.3025,27476.97,38318.497
301136.SZ,20230214,14.0,14.18,13.82,13.92,14.0,-0.08,-0.5714,29778.45,41638.659
301136.SZ,20230215,13.93,14.56,13.83,14.5,13.92,0.58,4.1667,77492.16,110774.116
301136.SZ,20230216,14.42,14.42,13.77,13.82,14.5,-0.68,-4.6897,62710.66,88942.845
301136.SZ,20230217,13.83,13.95,13.6,13.63,13.82,-0.19,-1.3748,25151.48,34556.85
301136.SZ,20230220,13.76,13.83,13.56,13.83,13.63,0.2,1.4674,20166.06,27690.621
301136.SZ,20230221,13.85,13.91,13.63,13.68,13.83,-0.15,-1.0846,25113.32,34537.556
301136.SZ,20230222,13.65,14.39,13.61,14.17,13.68,0.49,3.5819,56478.86,79544.203
301136.SZ,20230223,14.11,14.22,13.92,13.97,14.17,-0.2,-1.4114,27812.91,39063.745
301136.SZ,20230224,13.96,14.09,13.84,13.89,13.97,-0.08,-0.5727,15617.0,21742.271
301136.SZ,20230227,13.89,13.95,13.6,13.65,13.89,-0.24,-1.7279,19067.0,26208.341
301136.SZ,20230228,14.54,15.01,14.14,14.51,13.65,0.86,6.3004,124021.66,179614.711
301136.SZ,20230301,14.68,15.2,14.55,14.92,14.51,0.41,2.8256,138835.32,207030.743
301136.SZ,20230302,14.81,15.27,14.7,14.76,14.92,-0.16,-1.0724,101834.88,152068.868
301136.SZ,20230303,14.82,14.91,14.46,14.51,14.76,-0.25,-1.6938,51958.95,75916.737
301136.SZ,20230306,14.65,14.65,14.18,14.29,14.51,-0.22,-1.5162,42772.77,61330.193
301136.SZ,20230307,14.29,14.62,14.04,14.13,14.29,-0.16,-1.1197,47442.59,68048.575
301136.SZ,20230308,14.01,14.39,13.99,14.35,14.13,0.22,1.557,37413.72,53358.43
301136.SZ,20230309,14.35,15.1,14.11,15.02,14.35,0.67,4.669,130209.53,193263.337
301136.SZ,20230310,14.91,15.01,14.53,14.58,15.02,-0.44,-2.9294,77709.37,114645.845
301136.SZ,20230313,14.52,14.91,14.31,14.48,14.58,-0.1,-0.6859,54230.0,78910.961
301136.SZ,20230314,14.52,14.57,13.95,14.13,14.48,-0.35,-2.4171,53266.56,75479.656
301136.SZ,20230315,14.22,14.44,14.13,14.29,14.13,0.16,1.1323,37883.96,54022.858
301136.SZ,20230316,14.2,14.25,13.85,13.89,14.29,-0.4,-2.7992,43052.37,60268.777
301136.SZ,20230317,14.02,14.17,13.96,13.97,13.89,0.08,0.576,27425.0,38570.212
301136.SZ,20230320,14.01,14.12,13.66,13.67,13.97,-0.3,-2.1475,35114.72,48570.848
301136.SZ,20230321,13.66,13.79,13.58,13.74,13.67,0.07,0.5121,25136.3,34399.304
301136.SZ,20230322,13.76,14.56,13.76,14.35,13.74,0.61,4.4396,72513.09,103508.002
301136.SZ,20230323,14.15,14.97,14.12,14.75,14.35,0.4,2.7875,104400.0,152664.995
301136.SZ,20230324,14.7,14.74,14.5,14.68,14.75,-0.07,-0.4746,59653.38,87268.907
301136.SZ,20230327,14.7,14.9,14.51,14.85,14.68,0.17,1.158,58936.17,86842.468
301136.SZ,20230328,14.91,14.94,14.46,14.46,14.85,-0.39,-2.6263,49308.81,72010.368
301136.SZ,20230329,14.55,14.57,14.16,14.24,14.46,-0.22,-1.5214,36293.0,51893.877
301136.SZ,20230330,14.34,14.34,13.91,13.96,14.24,-0.28,-1.9663,26520.0,37210.343
301136.SZ,20230331,14.0,14.15,13.94,14.09,13.96,0.13,0.9312,21807.0,30604.737
301136.SZ,20230403,14.09,14.56,14.04,14.46,14.09,0.37,2.626,43207.71,62150.06
301136.SZ,20230404,14.36,14.6,14.23,14.4,14.46,-0.06,-0.4149,37109.85,53431.895
301136.SZ,20230406,14.3,14.73,14.08,14.11,14.4,-0.29,-2.0139,42505.0,60970.815
301136.SZ,20230407,14.18,14.4,14.03,14.29,14.11,0.18,1.2757,32699.94,46411.7
301136.SZ,20230410,14.3,14.6,13.91,13.98,14.29,-0.31,-2.1693,46108.76,65599.691
301136.SZ,20230411,13.96,14.83,13.85,14.68,13.98,0.7,5.0072,90356.36,130723.756
301136.SZ,20230412,14.51,15.23,14.51,15.21,14.68,0.53,3.6104,125474.96,187742.757
301136.SZ,20230413,15.13,15.74,14.92,15.49,15.21,0.28,1.8409,143746.08,220366.307
301136.SZ,20230414,15.4,15.88,15.15,15.35,15.49,-0.14,-0.9038,128657.24,199452.672
301136.SZ,20230417,15.36,15.43,14.84,15.06,15.35,-0.29,-1.8893,75701.48,114050.237
301136.SZ,20230418,15.13,15.26,14.8,14.92,15.06,-0.14,-0.9296,54098.72,81000.501
301136.SZ,20230419,14.97,15.15,14.84,14.96,14.92,0.04,0.2681,50788.06,75918.596
301136.SZ,20230420,14.86,15.04,14.64,14.84,14.96,-0.12,-0.8021,51738.39,76565.125
301136.SZ,20230421,14.94,15.25,14.23,14.35,14.84,-0.49,-3.3019,69155.31,101564.062
301136.SZ,20230424,14.3,14.3,13.7,13.83,14.35,-0.52,-3.6237,52262.04,73039.57
301136.SZ,20230425,13.78,13.93,12.61,12.87,13.83,-0.96,-6.9414,62313.79,81499.867
301136.SZ,20230426,12.9,13.14,12.74,12.77,12.87,-0.1,-0.777,27816.38,35913.997
301136.SZ,20230427,12.79,12.94,12.53,12.55,12.77,-0.22,-1.7228,31859.37,40570.893
301136.SZ,20230428,12.89,14.9,12.87,14.56,12.55,2.01,16.0159,108442.28,151258.684
301136.SZ,20230504,14.59,14.7,14.25,14.47,14.56,-0.09,-0.6181,47127.16,67812.796
301136.SZ,20230505,14.69,15.59,14.65,15.16,14.47,0.69,4.7685,101294.08,154310.967
301136.SZ,20230508,15.05,15.47,14.97,15.11,15.16,-0.05,-0.3298,80749.72,122551.217
301136.SZ,20230509,15.09,15.32,14.68,14.76,15.11,-0.35,-2.3163,55341.89,82810.745
301136.SZ,20230510,14.72,15.08,14.6,14.85,14.76,0.09,0.6098,35210.89,52372.533
301136.SZ,20230511,14.83,15.23,14.77,15.15,14.85,0.3,2.0202,42320.89,63711.033
301136.SZ,20230512,15.01,15.1,14.77,14.8,15.15,-0.35,-2.3102,28341.0,42208.719
301136.SZ,20230515,14.75,14.89,14.51,14.79,14.8,-0.01,-0.0676,26312.1,38637.169
301136.SZ,20230516,14.87,14.87,14.39,14.45,14.79,-0.34,-2.2989,28820.0,41794.864
301136.SZ,20230517,14.42,14.58,14.32,14.57,14.45,0.12,0.8304,23260.86,33626.628
301136.SZ,20230518,14.47,14.66,14.23,14.65,14.57,0.08,0.5491,33790.0,48851.62
301136.SZ,20230519,14.64,14.64,14.08,14.23,14.65,-0.42,-2.8669,30740.5,43845.718
301136.SZ,20230522,14.23,14.24,13.85,13.9,14.23,-0.33,-2.319,22945.4,32004.103
301136.SZ,20230523,13.87,13.93,13.6,13.63,13.9,-0.27,-1.9424,20773.73,28586.596
301136.SZ,20230524,13.61,13.81,13.56,13.64,13.63,0.01,0.0734,16464.98,22508.278
301136.SZ,20230525,13.59,13.87,13.46,13.68,13.64,0.04,0.2933,29860.8,40719.049
301136.SZ,20230526,14.29,14.87,13.87,14.01,13.68,0.33,2.4123,83401.29,118667.869
301136.SZ,20230529,13.81,13.92,13.3,13.36,14.01,-0.65,-4.6395,57987.5,78934.802
301136.SZ,20230530,13.45,14.36,13.31,13.99,13.36,0.63,4.7156,71903.38,99979.547
301136.SZ,20230531,13.86,14.07,13.74,13.95,13.99,-0.04,-0.2859,36586.95,50811.679
301136.SZ,20230601,13.81,13.99,13.7,13.92,13.86,0.06,0.4329,27938.0,38737.602
301136.SZ,20230602,13.89,14.01,13.85,13.97,13.92,0.05,0.3592,22960.95,31994.105
301136.SZ,20230605,14.05,14.05,13.79,13.85,13.97,-0.12,-0.859,17818.31,24712.031
301136.SZ,20230606,13.8,14.59,13.76,14.31,13.85,0.46,3.3213,81177.45,115957.089
301136.SZ,20230607,14.15,14.6,13.96,14.15,14.31,-0.16,-1.1181,56769.69,80539.365
301136.SZ,20230608,14.0,14.98,13.99,14.77,14.15,0.62,4.3816,118032.55,173569.212
301136.SZ,20230609,14.68,14.94,14.46,14.62,14.77,-0.15,-1.0156,86489.27,127012.754
301136.SZ,20230612,14.52,14.75,14.32,14.66,14.62,0.04,0.2736,45580.92,66239.768
301136.SZ,20230613,14.66,14.66,14.33,14.47,14.66,-0.19,-1.296,40211.0,57979.437
301136.SZ,20230614,14.4,14.46,14.11,14.15,14.47,-0.32,-2.2115,41209.12,58632.49
301136.SZ,20230615,14.1,14.26,14.02,14.14,14.15,-0.01,-0.0707,24780.72,34956.077
301136.SZ,20230616,14.16,14.6,14.04,14.5,14.14,0.36,2.546,49523.16,71533.888
301136.SZ,20230619,14.44,14.59,14.31,14.54,14.5,0.04,0.2759,36044.13,52161.454
301136.SZ,20230620,14.55,14.58,14.19,14.23,14.54,-0.31,-2.132,30665.4,43902.212
301136.SZ,20230621,14.21,14.32,13.85,13.86,14.23,-0.37,-2.6001,27638.57,38776.132
301136.SZ,20230626,13.75,13.85,13.27,13.34,13.86,-0.52,-3.7518,30420.0,41044.238
301136.SZ,20230627,13.32,13.71,13.32,13.67,13.34,0.33,2.4738,18057.0,24483.742
301136.SZ,20230628,13.69,13.7,13.23,13.46,13.67,-0.21,-1.5362,18517.65,24832.579
301136.SZ,20230629,13.41,13.69,13.41,13.53,13.46,0.07,0.5201,13920.87,18907.112
301136.SZ,20230630,13.49,13.78,13.48,13.72,13.53,0.19,1.4043,14938.86,20478.253
301136.SZ,20230703,13.69,13.98,13.68,13.74,13.72,0.02,0.1458,20795.0,28647.688
301136.SZ,20230704,13.69,13.86,13.64,13.78,13.74,0.04,0.2911,17315.43,23791.029
301136.SZ,20230705,13.75,13.92,13.68,13.7,13.78,-0.08,-0.5806,16882.62,23299.7
301136.SZ,20230706,13.63,13.75,13.57,13.65,13.7,-0.05,-0.365,13555.7,18514.374
301136.SZ,20230707,13.65,13.68,13.39,13.44,13.65,-0.21,-1.5385,15517.0,20946.821
301136.SZ,20230710,13.59,14.22,13.46,13.9,13.44,0.46,3.4226,46060.15,63847.988
301136.SZ,20230711,13.99,14.42,13.71,14.42,13.9,0.52,3.741,67878.98,96468.006
301136.SZ,20230712,14.3,14.63,14.12,14.17,14.42,-0.25,-1.7337,60832.0,87298.047
301136.SZ,20230713,14.21,14.21,13.97,14.14,14.17,-0.03,-0.2117,36436.05,51327.0
301136.SZ,20230714,14.05,14.18,14.04,14.11,14.14,-0.03,-0.2122,18895.02,26664.701
301136.SZ,20230717,14.05,14.27,13.9,14.27,14.11,0.16,1.1339,26761.79,37790.46
301136.SZ,20230718,14.24,14.24,14.04,14.07,14.27,-0.2,-1.4015,15505.83,21862.824
301136.SZ,20230719,14.07,14.47,14.07,14.41,14.07,0.34,2.4165,40410.32,57969.82
301136.SZ,20230720,14.33,14.43,14.12,14.17,14.41,-0.24,-1.6655,28262.71,40173.167
301136.SZ,20230721,14.17,14.39,14.04,14.39,14.17,0.22,1.5526,43804.95,62466.262
301136.SZ,20230724,14.55,14.88,13.94,14.45,14.39,0.06,0.417,72849.06,104780.176
301136.SZ,20230725,14.25,15.17,14.25,15.05,14.45,0.6,4.1522,124079.19,184838.644
301136.SZ,20230726,14.85,16.48,14.8,15.87,15.05,0.82,5.4485,263479.81,414064.679
301136.SZ,20230727,15.55,16.34,15.2,15.59,15.87,-0.28,-1.7643,207068.51,324781.149
301136.SZ,20230728,15.45,16.15,15.45,15.91,15.59,0.32,2.0526,165529.11,260397.209
301136.SZ,20230731,16.36,16.66,15.61,15.83,15.91,-0.08,-0.5028,169333.41,269951.198
301136.SZ,20230801,15.45,15.9,15.29,15.5,15.83,-0.33,-2.0846,120090.02,186579.527
301136.SZ,20230802,15.53,15.69,15.0,15.13,15.5,-0.37,-2.3871,97988.15,149223.326
301136.SZ,20230803,14.91,15.1,14.76,14.97,15.13,-0.16,-1.0575,46756.74,69819.189
301136.SZ,20230804,15.0,15.37,14.82,14.9,14.97,-0.07,-0.4676,78113.79,117629.179
301136.SZ,20230807,14.79,14.94,14.49,14.61,14.9,-0.29,-1.9463,52169.91,76317.955
301136.SZ,20230808,14.54,15.1,14.54,14.8,14.61,0.19,1.3005,44004.72,65262.999
301136.SZ,20230809,14.85,15.27,14.62,14.99,14.8,0.19,1.2838,63604.64,95280.234
301136.SZ,20230810,14.92,15.0,14.66,14.76,14.99,-0.23,-1.5344,37105.04,54814.411
301136.SZ,20230811,14.76,14.99,14.5,14.5,14.76,-0.26,-1.7615,33566.48,49431.97
301136.SZ,20230814,14.32,14.67,14.31,14.59,14.5,0.09,0.6207,23051.0,33378.26
301136.SZ,20230815,14.58,14.69,14.37,14.51,14.59,-0.08,-0.5483,25387.93,36773.903
301136.SZ,20230816,14.49,14.76,14.23,14.54,14.51,0.03,0.2068,33969.8,49230.994
301136.SZ,20230817,14.48,14.86,14.3,14.85,14.54,0.31,2.132,41183.76,60208.872
301136.SZ,20230818,14.77,15.09,14.72,14.73,14.85,-0.12,-0.8081,41979.47,62564.713
301136.SZ,20230821,14.65,15.03,14.65,14.87,14.73,0.14,0.9504,35590.85,53070.489
301136.SZ,20230822,14.84,15.24,14.6,15.23,14.87,0.36,2.421,60351.69,90619.738
301136.SZ,20230823,15.39,16.0,15.08,15.54,15.23,0.31,2.0355,127922.3,198160.835
301136.SZ,20230824,15.27,16.66,15.26,16.45,15.54,0.91,5.8559,233963.41,376847.762
301136.SZ,20230825,16.1,17.08,15.81,15.81,16.45,-0.64,-3.8906,223868.56,365271.893
301136.SZ,20230828,16.36,18.97,15.33,18.97,15.81,3.16,19.9873,490514.3,889648.856
301136.SZ,20230829,19.03,21.99,18.0,20.92,18.97,1.95,10.2794,530360.26,1049687.941
301136.SZ,20230830,20.0,20.44,18.68,19.39,20.92,-1.53,-7.3136,399745.93,776926.544
301136.SZ,20230831,19.03,19.76,17.24,17.66,19.39,-1.73,-8.9221,350317.45,632083.058
301136.SZ,20230901,17.71,17.93,16.37,16.42,17.66,-1.24,-7.0215,254760.38,432735.378
301136.SZ,20230904,16.35,16.62,16.19,16.4,16.42,-0.02,-0.1218,154303.34,252628.223
301136.SZ,20230905,16.3,16.31,15.55,15.73,16.4,-0.67,-4.0854,165520.58,262584.967
301136.SZ,20230906,15.75,16.07,15.45,16.04,15.73,0.31,1.9708,138989.22,219964.667
301136.SZ,20230907,15.85,16.04,15.59,15.59,16.04,-0.45,-2.8055,96208.1,151610.872
301136.SZ,20230908,15.57,15.67,15.3,15.48,15.59,-0.11,-0.7056,75892.94,117109.78
301136.SZ,20230911,15.4,15.54,15.25,15.49,15.48,0.01,0.0646,54387.67,83883.359
301136.SZ,20230912,15.55,15.66,15.3,15.57,15.49,0.08,0.5165,75965.78,118093.052
301136.SZ,20230913,16.8,18.59,16.78,17.01,15.57,1.44,9.2486,424949.65,740006.605
301136.SZ,20230914,16.5,16.99,15.49,15.51,17.01,-1.5,-8.8183,294050.53,469784.973
301136.SZ,20230915,15.06,15.26,14.55,14.66,15.51,-0.85,-5.4803,209885.93,311173.25
301136.SZ,20230918,14.48,14.66,14.34,14.51,14.66,-0.15,-1.0232,101165.54,146621.374
301136.SZ,20230919,14.44,14.79,14.44,14.59,14.51,0.08,0.5513,81491.87,118919.919
301136.SZ,20230920,14.63,14.63,14.32,14.44,14.59,-0.15,-1.0281,69670.17,100451.195
301136.SZ,20230921,14.4,14.63,14.31,14.37,14.44,-0.07,-0.4848,54887.56,79223.175
301136.SZ,20230922,14.26,14.56,14.17,14.53,14.37,0.16,1.1134,64385.46,92835.26
301136.SZ,20230925,14.48,14.68,14.41,14.43,14.53,-0.1,-0.6882,54449.56,79119.2
301136.SZ,20230926,14.33,14.72,14.33,14.55,14.43,0.12,0.8316,59781.98,87211.454
301136.SZ,20230927,14.54,14.67,14.42,14.42,14.55,-0.13,-0.8935,55534.01,80799.859
301136.SZ,20230928,14.43,14.57,14.43,14.48,14.42,0.06,0.4161,36218.9,52510.217
301136.SZ,20231009,14.28,14.45,14.24,14.32,14.48,-0.16,-1.105,40043.46,57397.556
301136.SZ,20231010,14.33,14.54,14.25,14.52,14.32,0.2,1.3966,49211.07,70751.034
301136.SZ,20231011,14.48,14.6,14.36,14.44,14.52,-0.08,-0.551,37950.7,54935.344
301136.SZ,20231012,14.53,14.53,14.11,14.13,14.44,-0.31,-2.1468,59133.44,84295.614
301136.SZ,20231013,14.05,14.09,13.61,13.68,14.13,-0.45,-3.1847,68885.84,94934.389
301136.SZ,20231016,13.68,13.78,13.39,13.52,13.68,-0.16,-1.1696,36417.92,49357.88
301136.SZ,20231017,13.49,13.55,13.26,13.36,13.52,-0.16,-1.1834,29330.1,39151.381
301136.SZ,20231018,13.27,13.3,12.99,13.0,13.36,-0.36,-2.6946,32465.04,42502.176
301136.SZ,20231019,12.95,13.28,12.92,13.02,13.0,0.02,0.1538,31510.0,41304.459
301136.SZ,20231020,12.9,13.17,12.87,12.91,13.02,-0.11,-0.8449,38094.53,49487.992
301136.SZ,20231023,12.83,12.89,12.39,12.47,12.91,-0.44,-3.4082,38232.76,48115.296
301136.SZ,20231024,12.6,13.07,12.6,13.04,12.47,0.57,4.571,47873.0,61861.663
301136.SZ,20231025,13.82,13.98,13.47,13.75,13.04,0.71,5.4448,105287.89,143714.038
301136.SZ,20231026,13.69,13.73,13.28,13.53,13.75,-0.22,-1.6,69987.0,94258.121
301136.SZ,20231027,13.49,13.66,13.21,13.34,13.53,-0.19,-1.4043,51436.0,68533.031
301136.SZ,20231030,13.22,13.45,13.22,13.38,13.34,0.04,0.2999,28237.0,37685.948
301136.SZ,20231031,13.3,13.74,13.3,13.44,13.38,0.06,0.4484,63816.19,86260.854
301136.SZ,20231101,13.4,13.5,13.2,13.3,13.44,-0.14,-1.0417,41837.47,55778.629
301136.SZ,20231102,13.32,13.35,13.13,13.13,13.3,-0.17,-1.2782,29304.31,38752.387
301136.SZ,20231103,13.15,13.35,13.13,13.25,13.13,0.12,0.9139,26217.64,34744.965
301136.SZ,20231106,13.32,13.54,13.3,13.53,13.25,0.28,2.1132,38265.41,51479.658
301136.SZ,20231107,13.55,13.57,13.35,13.53,13.53,0.0,0.0,27852.97,37542.814
301136.SZ,20231108,13.6,14.08,13.51,13.87,13.53,0.34,2.5129,79432.04,109601.909
301136.SZ,20231109,13.91,14.21,13.69,13.79,13.87,-0.08,-0.5768,78851.31,109873.033
301136.SZ,20231110,13.64,13.76,13.46,13.63,13.79,-0.16,-1.1603,46968.76,63778.233
301136.SZ,20231113,13.65,14.08,13.63,14.01,13.63,0.38,2.788,47363.0,65873.772
301136.SZ,20231114,13.95,14.19,13.89,14.09,14.01,0.08,0.571,49594.82,69493.859
301136.SZ,20231115,14.16,14.25,14.0,14.05,14.09,-0.04,-0.2839,46828.8,66083.302
301136.SZ,20231116,13.89,14.1,13.86,13.9,14.05,-0.15,-1.0676,32332.0,45215.826
301136.SZ,20231117,13.89,14.07,13.84,14.0,13.9,0.1,0.7194,25418.22,35451.364
301136.SZ,20231120,14.01,14.07,13.88,14.04,14.0,0.04,0.2857,25379.01,35504.654
301136.SZ,20231121,14.09,14.28,13.96,14.0,14.04,-0.04,-0.2849,43830.23,62046.266
301136.SZ,20231122,13.94,14.28,13.91,13.94,14.0,-0.06,-0.4286,44747.0,62994.941
301136.SZ,20231123,13.81,14.01,13.71,13.96,13.94,0.02,0.1435,29975.0,41605.091
301136.SZ,20231124,13.99,14.19,13.56,13.61,13.96,-0.35,-2.5072,38647.0,53169.414
301136.SZ,20231127,13.56,13.73,13.51,13.64,13.61,0.03,0.2204,24993.83,34027.395
301136.SZ,20231128,13.59,13.75,13.52,13.66,13.64,0.02,0.1466,23360.0,31895.993
301136.SZ,20231129,13.67,13.67,13.25,13.32,13.66,-0.34,-2.489,32148.84,43063.446
301136.SZ,20231130,13.33,13.37,13.0,13.15,13.32,-0.17,-1.2763,23231.78,30561.241
301136.SZ,20231201,13.18,13.36,13.04,13.34,13.15,0.19,1.4449,17571.0,23284.022
301136.SZ,20231204,13.36,13.46,13.25,13.34,13.34,0.0,0.0,18449.0,24652.931
301136.SZ,20231205,13.41,13.44,12.97,13.0,13.34,-0.34,-2.5487,23365.0,30660.191
301136.SZ,20231206,13.02,13.14,12.91,13.04,13.0,0.04,0.3077,16242.0,21211.002
301136.SZ,20231207,12.97,13.11,12.93,13.01,13.04,-0.03,-0.2301,16957.55,22053.43
301136.SZ,20231208,13.01,13.13,12.69,12.73,13.01,-0.28,-2.1522,24291.0,31242.607
301136.SZ,20231211,12.65,12.88,12.57,12.82,12.73,0.09,0.707,24853.0,31661.337
301136.SZ,20231212,12.82,13.03,12.8,12.99,12.82,0.17,1.3261,22813.0,29467.169
301136.SZ,20231213,12.99,13.02,12.88,12.92,12.99,-0.07,-0.5389,17761.0,22997.189
301136.SZ,20231214,12.92,13.24,12.84,13.11,12.92,0.19,1.4706,37041.65,48490.029
301136.SZ,20231215,13.12,13.2,12.97,13.07,13.11,-0.04,-0.3051,34460.42,45053.342
301136.SZ,20231218,13.16,13.45,12.85,12.87,13.07,-0.2,-1.5302,56686.22,74494.499
301136.SZ,20231219,12.77,12.99,12.58,12.7,12.87,-0.17,-1.3209,37027.41,47205.575
301136.SZ,20231220,12.73,13.08,12.7,12.79,12.7,0.09,0.7087,37666.82,48574.253
301136.SZ,20231221,12.75,12.83,12.48,12.72,12.79,-0.07,-0.5473,33491.0,42387.527
301136.SZ,20231222,12.78,12.78,12.43,12.49,12.72,-0.23,-1.8082,25766.72,32265.631
301136.SZ,20231225,12.5,12.54,12.2,12.25,12.49,-0.24,-1.9215,23323.23,28656.543
301136.SZ,20231226,12.3,12.32,12.07,12.11,12.25,-0.14,-1.1429,19605.83,23808.486
301136.SZ,20231227,12.15,12.18,11.99,12.14,12.11,0.03,0.2477,14524.06,17555.544
301136.SZ,20231228,12.11,12.48,11.93,12.44,12.14,0.3,2.4712,26006.04,32023.413
301136.SZ,20231229,12.43,12.65,12.4,12.65,12.44,0.21,1.6881,19371.04,24324.82
301136.SZ,20240102,12.71,12.8,12.67,12.71,12.65,0.06,0.4743,22316.51,28447.118
301136.SZ,20240103,12.68,12.76,12.56,12.62,12.71,-0.09,-0.7081,16449.0,20809.605
301136.SZ,20240104,12.86,12.87,12.55,12.66,12.62,0.04,0.317,12952.27,16354.479
301136.SZ,20240105,12.61,12.69,12.4,12.47,12.66,-0.19,-1.5008,17056.32,21394.917
301136.SZ,20240108,12.55,12.68,12.34,12.34,12.47,-0.13,-1.0425,18917.74,23666.094
301136.SZ,20240109,12.3,12.57,12.28,12.32,12.34,-0.02,-0.1621,18264.05,22677.219
301136.SZ,20240110,12.32,12.34,12.05,12.08,12.32,-0.24,-1.9481,16324.0,19858.048
301136.SZ,20240111,12.08,12.31,12.05,12.29,12.08,0.21,1.7384,14943.35,18250.402
301136.SZ,20240112,12.4,12.59,12.27,12.28,12.29,-0.01,-0.0814,25029.0,31101.741
301136.SZ,20240115,12.17,12.28,12.01,12.08,12.28,-0.2,-1.6287,17693.61,21426.658
301136.SZ,20240116,12.15,12.15,11.77,12.01,12.08,-0.07,-0.5795,21899.19,26142.39
301136.SZ,20240117,12.01,12.56,11.9,11.93,12.01,-0.08,-0.6661,59477.45,72404.105
301136.SZ,20240118,11.74,11.92,11.38,11.66,11.93,-0.27,-2.2632,51599.44,59995.762
301136.SZ,20240119,11.66,11.73,11.38,11.38,11.66,-0.28,-2.4014,21371.0,24537.71
301136.SZ,20240122,11.34,11.45,10.59,10.68,11.38,-0.7,-6.1511,26433.43,29034.755
301136.SZ,20240123,10.61,10.76,10.4,10.65,10.68,-0.03,-0.2809,19222.97,20333.5
301136.SZ,20240124,10.77,11.04,10.52,11.0,10.65,0.35,3.2864,27477.69,29749.415
301136.SZ,20240125,11.01,11.8,11.01,11.79,11.0,0.79,7.1818,51188.02,58903.593
301136.SZ,20240126,11.8,12.38,11.8,12.0,11.79,0.21,1.7812,49400.59,59635.085
301136.SZ,20240129,11.83,11.99,11.41,11.42,12.0,-0.58,-4.8333,35085.72,40826.964
301136.SZ,20240130,11.35,11.43,11.0,11.06,11.42,-0.36,-3.1524,21724.0,24388.612
301136.SZ,20240131,11.18,11.19,10.35,10.43,11.06,-0.63,-5.6962,30239.0,32346.539
301136.SZ,20240201,10.34,10.39,9.88,10.03,10.43,-0.4,-3.8351,27702.0,27961.345
301136.SZ,20240202,10.09,10.22,9.0,9.28,10.03,-0.75,-7.4776,35074.0,33274.979
301136.SZ,20240205,9.3,9.3,7.73,7.91,9.28,-1.37,-14.7629,62373.1,50939.739
301136.SZ,20240206,7.83,8.15,7.12,7.78,7.91,-0.13,-1.6435,55897.42,42252.486
301136.SZ,20240207,7.85,7.85,7.05,7.1,7.78,-0.68,-8.7404,74373.79,54184.477
301136.SZ,20240208,7.18,7.94,6.85,7.89,7.1,0.79,11.1268,87946.08,64710.994
301136.SZ,20240219,7.93,8.44,7.93,8.27,7.89,0.38,4.8162,67003.0,55072.204
301136.SZ,20240220,8.26,8.58,8.1,8.5,8.27,0.23,2.7811,41518.83,34847.433
301136.SZ,20240221,8.39,8.98,8.35,8.67,8.5,0.17,2.0,56041.26,49075.383
301136.SZ,20240222,8.58,9.27,8.44,9.14,8.67,0.47,5.421,56032.63,50370.431
301136.SZ,20240223,9.14,9.5,9.06,9.5,9.14,0.36,3.9387,55445.28,51526.359
301136.SZ,20240226,9.56,10.08,9.3,9.71,9.5,0.21,2.2105,65932.47,63942.894
301136.SZ,20240227,9.68,10.05,9.54,10.04,9.71,0.33,3.3986,41248.84,40819.08
301136.SZ,20240228,10.06,10.33,8.93,8.93,10.04,-1.11,-11.0558,72543.8,70109.088
301136.SZ,20240229,8.85,9.41,8.77,9.36,8.93,0.43,4.8152,50556.0,46732.638
301136.SZ,20240301,9.54,9.64,9.26,9.51,9.36,0.15,1.6026,38871.0,36838.71
301136.SZ,20240304,9.6,9.7,9.17,9.47,9.51,-0.04,-0.4206,34553.0,32509.3
301136.SZ,20240305,9.44,9.44,9.11,9.16,9.47,-0.31,-3.2735,27125.0,25083.096
301136.SZ,20240306,9.19,9.36,9.06,9.24,9.16,0.08,0.8734,26521.0,24496.559
301136.SZ,20240307,9.26,10.49,9.2,9.7,9.24,0.46,4.9784,95138.22,93642.077
301136.SZ,20240308,9.67,9.78,9.25,9.53,9.7,-0.17,-1.7526,76977.84,72735.881
301136.SZ,20240311,9.5,9.57,9.34,9.57,9.53,0.04,0.4197,46833.0,44308.983
301136.SZ,20240312,9.6,9.77,9.48,9.77,9.57,0.2,2.0899,60724.24,58672.027
301136.SZ,20240313,9.75,9.81,9.55,9.73,9.77,-0.04,-0.4094,50380.17,48774.907
301136.SZ,20240314,9.72,9.8,9.46,9.61,9.73,-0.12,-1.2333,35053.81,33890.844
301136.SZ,20240315,9.61,9.78,9.53,9.75,9.61,0.14,1.4568,35339.95,34255.117
301136.SZ,20240318,9.83,10.03,9.8,10.03,9.75,0.28,2.8718,37602.01,37270.051
301136.SZ,20240319,10.05,10.06,9.89,9.93,10.03,-0.1,-0.997,35944.98,35787.729
301136.SZ,20240320,9.95,10.19,9.91,10.18,9.93,0.25,2.5176,39284.74,39568.797
301136.SZ,20240321,10.17,10.2,9.9,10.13,10.18,-0.05,-0.4912,47945.49,48245.608
301136.SZ,20240322,10.05,10.11,9.78,9.84,10.13,-0.29,-2.8628,36936.1,36539.683
301136.SZ,20240325,9.81,9.85,9.42,9.43,9.84,-0.41,-4.1667,36207.88,34950.817
301136.SZ,20240326,9.35,9.56,9.25,9.48,9.43,0.05,0.5302,32306.17,30347.711
301136.SZ,20240327,9.41,9.47,8.97,9.0,9.48,-0.48,-5.0633,30734.97,28278.891
301136.SZ,20240328,9.09,9.57,9.04,9.49,9.0,0.49,5.4444,33898.95,31822.452
301136.SZ,20240329,9.5,9.9,9.37,9.72,9.49,0.23,2.4236,38222.11,37048.622
301136.SZ,20240401,9.78,9.92,9.74,9.91,9.72,0.19,1.9547,40060.0,39400.197
301136.SZ,20240402,9.9,10.2,9.89,10.14,9.91,0.23,2.3209,47905.01,48360.711
301136.SZ,20240403,10.15,10.15,9.76,9.94,10.14,-0.2,-1.9724,38375.2,37964.543
301136.SZ,20240408,9.86,9.97,9.38,9.39,9.94,-0.55,-5.5332,38862.98,37332.14
301136.SZ,20240409,9.4,9.58,9.36,9.5,9.39,0.11,1.1715,23303.0,22085.353
301136.SZ,20240410,9.49,9.5,8.93,9.08,9.5,-0.42,-4.4211,38017.51,34711.307
301136.SZ,20240411,9.01,9.27,8.81,9.12,9.08,0.04,0.4405,26489.0,24188.626
301136.SZ,20240412,9.09,9.29,8.85,8.9,9.12,-0.22,-2.4123,28360.72,25584.548
301136.SZ,20240415,8.93,8.98,8.12,8.31,8.9,-0.59,-6.6292,51193.0,43063.689
301136.SZ,20240416,8.27,8.27,7.53,7.61,8.31,-0.7,-8.4236,42785.78,33189.921
301136.SZ,20240417,7.7,8.35,7.67,8.34,7.61,0.73,9.5926,46021.17,37504.697
301136.SZ,20240418,8.35,8.45,8.07,8.32,8.34,-0.02,-0.2398,29762.14,24723.231
301136.SZ,20240419,8.3,8.78,8.1,8.34,8.32,0.02,0.2404,56097.96,46993.104
301136.SZ,20240422,9.02,9.36,8.59,8.61,8.34,0.27,3.2374,105300.58,94176.094
301136.SZ,20240423,8.62,10.33,8.62,10.33,8.61,1.72,19.9768,101490.42,101758.149
301136.SZ,20240424,10.3,11.33,9.82,10.55,10.33,0.22,2.1297,276463.22,293395.918
301136.SZ,20240425,10.2,12.22,10.2,11.29,10.55,0.74,7.0142,286742.1,316274.883
301136.SZ,20240426,11.0,11.17,10.5,10.6,11.29,-0.69,-6.1116,225371.22,243058.287
301136.SZ,20240429,10.29,10.4,10.04,10.4,10.6,-0.2,-1.8868,177230.08,181224.301
301136.SZ,20240430,10.22,10.33,9.74,9.92,10.4,-0.48,-4.6154,127271.13,126542.366
301136.SZ,20240506,9.99,10.33,9.98,10.32,9.92,0.4,4.0323,112320.9,114295.607
301136.SZ,20240507,10.4,10.84,10.15,10.82,10.32,0.5,4.845,156619.21,165040.536
301136.SZ,20240508,10.59,10.76,10.33,10.53,10.82,-0.29,-2.6802,90789.51,95292.511
301136.SZ,20240509,10.38,11.09,10.3,10.95,10.53,0.42,3.9886,130286.28,140566.125
301136.SZ,20240510,10.83,10.94,10.49,10.75,10.95,-0.2,-1.8265,99050.68,106057.46
301136.SZ,20240513,10.38,10.53,10.01,10.15,10.75,-0.6,-5.5814,80803.14,82450.462
301136.SZ,20240514,10.15,10.23,10.0,10.08,10.15,-0.07,-0.6897,43927.46,44225.819
301136.SZ,20240515,10.05,10.7,9.91,10.43,10.08,0.35,3.4722,89346.46,92573.523
301136.SZ,20240516,10.43,11.27,10.36,11.16,10.43,0.73,6.999,183391.7,201386.866
301136.SZ,20240517,11.2,11.68,10.98,11.68,11.16,0.52,4.6595,204241.28,233598.718
301136.SZ,20240520,11.68,11.69,11.12,11.38,11.68,-0.3,-2.5685,143334.4,162701.609
301136.SZ,20240521,11.35,11.84,11.19,11.57,11.38,0.19,1.6696,146784.85,169294.238
301136.SZ,20240522,11.46,12.1,11.2,11.76,11.57,0.19,1.6422,174247.04,204948.226
301136.SZ,20240523,11.55,11.66,11.02,11.11,11.76,-0.65,-5.5272,120056.02,135105.877
301136.SZ,20240524,11.0,11.19,10.56,10.68,11.11,-0.43,-3.8704,76826.02,82743.952
301136.SZ,20240527,10.63,10.89,10.35,10.78,10.68,0.1,0.9363,77281.98,82061.967
301136.SZ,20240528,10.65,10.77,10.43,10.48,10.78,-0.3,-2.7829,54163.0,57083.507
301136.SZ,20240529,10.4,10.65,10.4,10.52,10.48,0.04,0.3817,35849.01,37768.049
301136.SZ,20240530,10.51,10.79,10.32,10.44,10.52,-0.08,-0.7605,45798.0,47973.598
301136.SZ,20240531,10.42,11.08,10.27,10.92,10.42,0.5,4.7985,99062.4,105677.122
301136.SZ,20240603,11.0,11.02,10.15,10.28,10.92,-0.64,-5.8608,69226.0,72991.758
301136.SZ,20240604,10.47,12.34,10.47,12.34,10.28,2.06,20.0389,160108.99,189161.583
301136.SZ,20240605,13.88,13.88,12.3,12.38,12.34,0.04,0.3241,349806.9,455823.433
301136.SZ,20240606,12.14,12.26,10.5,10.56,12.38,-1.82,-14.7011,255032.01,285804.101
301136.SZ,20240607,10.5,10.69,9.6,9.83,10.56,-0.73,-6.9129,195336.04,196543.597
301136.SZ,20240611,9.7,9.9,9.22,9.75,9.83,-0.08,-0.8138,101921.88,97736.75
301136.SZ,20240612,9.8,10.3,9.68,10.18,9.75,0.43,4.4103,120470.11,121713.304
301136.SZ,20240613,10.15,10.43,9.88,9.95,10.18,-0.23,-2.2593,96709.01,96850.83
301136.SZ,20240614,9.9,10.18,9.74,10.09,9.95,0.14,1.407,92541.0,92551.249
301136.SZ,20240617,10.27,11.63,10.19,10.94,10.09,0.85,8.4242,217490.08,236897.074
301136.SZ,20240618,11.06,11.66,10.9,11.43,10.94,0.49,4.479,206738.88,233540.952
301136.SZ,20240619,11.44,12.95,11.35,11.9,11.43,0.47,4.112,276538.75,330863.387
301136.SZ,20240620,11.78,11.85,11.08,11.11,11.9,-0.79,-6.6387,178170.75,202527.436
301136.SZ,20240621,11.22,12.22,10.98,11.36,11.11,0.25,2.2502,204315.0,237876.798
301136.SZ,20240624,11.3,11.63,10.6,10.77,11.36,-0.59,-5.1937,148701.19,162583.195
301136.SZ,20240625,10.58,12.0,10.5,11.07,10.77,0.3,2.7855,179845.04,203776.599
301136.SZ,20240626,10.77,11.57,10.41,11.49,11.07,0.42,3.794,177916.5,195942.35
301136.SZ,20240627,11.29,11.79,11.22,11.38,11.49,-0.11,-0.9574,151482.49,173987.445
301136.SZ,20240628,11.13,11.9,11.05,11.78,11.38,0.4,3.5149,176667.64,205751.305
301136.SZ,20240701,11.72,12.55,11.6,12.11,11.78,0.33,2.8014,221185.34,267324.459
301136.SZ,20240702,11.79,12.09,11.46,11.92,12.11,-0.19,-1.569,146029.55,170703.337
301136.SZ,20240703,11.72,11.78,11.2,11.3,11.92,-0.62,-5.2013,109325.33,124654.277
301136.SZ,20240704,11.54,11.61,10.75,10.8,11.3,-0.5,-4.4248,93066.34,102941.578
301136.SZ,20240705,10.75,11.16,10.38,10.96,10.8,0.16,1.4815,76668.16,83210.429
301136.SZ,20240708,10.95,10.95,10.52,10.57,10.96,-0.39,-3.5584,54048.13,57626.847
301136.SZ,20240709,10.5,10.85,10.1,10.81,10.57,0.24,2.2706,83344.29,87265.973
301136.SZ,20240710,10.74,11.35,10.64,10.97,10.81,0.16,1.4801,96764.16,106611.695
301136.SZ,20240711,11.5,11.6,11.08,11.16,10.97,0.19,1.732,93317.0,104916.785
301136.SZ,20240712,11.09,11.65,11.01,11.5,11.16,0.34,3.0466,123906.0,141593.755
301136.SZ,20240715,11.38,11.42,10.96,10.99,11.5,-0.51,-4.4348,80361.0,89694.339
301136.SZ,20240716,10.95,10.95,10.63,10.83,10.99,-0.16,-1.4559,58290.0,62604.565
301136.SZ,20240717,10.77,10.9,10.37,10.37,10.83,-0.46,-4.2475,64098.31,67627.907
301136.SZ,20240718,10.21,10.21,9.76,9.94,10.37,-0.43,-4.1466,71670.0,71275.605
301136.SZ,20240719,9.84,10.16,9.78,10.01,9.94,0.07,0.7042,44022.0,43939.888
301136.SZ,20240722,9.98,10.2,9.97,10.2,10.01,0.19,1.8981,34853.0,35281.881
301136.SZ,20240723,10.19,10.39,9.94,9.94,10.2,-0.26,-2.549,48175.52,48978.318
301136.SZ,20240724,9.85,9.93,9.63,9.65,9.94,-0.29,-2.9175,46940.0,45752.008
301136.SZ,20240725,9.55,9.92,9.49,9.88,9.65,0.23,2.3834,39159.0,38045.388
301136.SZ,20240726,9.88,10.66,9.85,10.63,9.88,0.75,7.5911,105050.0,108625.876
301136.SZ,20240729,10.55,11.5,10.41,11.44,10.63,0.81,7.6199,153045.37,169770.864
301136.SZ,20240730,11.33,13.43,11.33,12.3,11.44,0.86,7.5175,316010.66,389383.654
301136.SZ,20240731,12.04,13.18,11.69,12.49,12.3,0.19,1.5447,260129.95,317052.57
301136.SZ,20240801,12.23,12.36,11.84,11.97,12.49,-0.52,-4.1633,194421.49,235136.614
301136.SZ,20240802,11.82,14.36,11.8,12.84,11.97,0.87,7.2682,395811.12,529057.964
301136.SZ,20240805,12.92,13.05,11.5,11.5,12.84,-1.34,-10.4361,290790.75,353890.598
301136.SZ,20240806,11.76,13.8,11.76,13.8,11.5,2.3,20.0,260342.4,336794.517
301136.SZ,20240807,13.84,16.56,13.51,16.56,13.8,2.76,20.0,386257.38,590036.276
301136.SZ,20240808,18.0,19.53,15.13,15.71,16.56,-0.85,-5.1329,557691.84,986424.912
301136.SZ,20240809,14.56,16.98,14.44,15.0,15.71,-0.71,-4.5194,443945.02,684789.789
301136.SZ,20240812,15.44,15.77,13.7,14.07,15.0,-0.93,-6.2,344423.01,493015.934
301136.SZ,20240813,14.19,14.9,13.79,14.36,14.07,0.29,2.0611,299066.0,426200.225
301136.SZ,20240814,14.1,15.68,14.01,14.69,14.36,0.33,2.2981,334436.94,497351.147
301136.SZ,20240815,13.95,13.96,13.08,13.51,14.69,-1.18,-8.0327,281816.78,381748.178
301136.SZ,20240816,13.65,13.94,12.96,12.98,13.51,-0.53,-3.923,224541.89,299368.01
301136.SZ,20240819,12.81,13.12,12.46,12.81,12.98,-0.17,-1.3097,172591.39,220757.751
301136.SZ,20240820,12.84,12.88,12.3,12.47,12.81,-0.34,-2.6542,120540.0,150404.054
301136.SZ,20240821,12.41,12.72,12.23,12.59,12.47,0.12,0.9623,100392.88,126132.031
301136.SZ,20240822,12.5,12.79,12.25,12.33,12.59,-0.26,-2.0651,102349.0,127515.486
301136.SZ,20240823,12.22,12.37,11.89,12.03,12.33,-0.3,-2.4331,98656.0,118991.923
301136.SZ,20240826,12.78,13.0,12.07,12.32,12.03,0.29,2.4106,187491.45,232035.485
301136.SZ,20240827,12.66,14.74,12.45,13.9,12.32,1.58,12.8247,392438.95,518565.209
301136.SZ,20240828,13.27,13.36,12.29,12.29,13.9,-1.61,-11.5827,249099.28,314918.837
301136.SZ,20240829,11.98,12.05,11.28,11.37,12.29,-0.92,-7.4858,204481.56,234538.596
301136.SZ,20240830,11.12,11.97,11.12,11.75,11.37,0.38,3.3421,175785.43,203181.053
301136.SZ,20240902,11.66,11.95,11.47,11.52,11.75,-0.23,-1.9574,141159.0,165121.874
301136.SZ,20240903,11.41,11.59,11.25,11.38,11.52,-0.14,-1.2153,86094.55,98089.348
301136.SZ,20240904,11.21,11.35,10.96,11.13,11.38,-0.25,-2.1968,82996.0,92342.168
301136.SZ,20240905,11.14,11.49,11.09,11.37,11.13,0.24,2.1563,86427.0,97981.664
301136.SZ,20240906,11.35,11.53,11.12,11.14,11.37,-0.23,-2.0229,83899.55,94805.171
301136.SZ,20240909,10.99,11.22,10.82,11.18,11.14,0.04,0.3591,60356.0,66925.231
301136.SZ,20240910,11.18,11.3,10.98,11.26,11.18,0.08,0.7156,60722.68,67596.822
301136.SZ,20240911,11.25,11.25,10.94,11.02,11.26,-0.24,-2.1314,60066.55,66393.4
301136.SZ,20240912,10.93,11.21,10.8,10.83,11.02,-0.19,-1.7241,64703.42,71220.594
301136.SZ,20240913,10.82,11.06,10.62,10.65,10.83,-0.18,-1.662,64415.72,69668.017
301136.SZ,20240918,10.66,10.77,10.31,10.55,10.65,-0.1,-0.939,53461.0,56044.545
301136.SZ,20240919,10.58,10.93,10.5,10.82,10.55,0.27,2.5592,62753.68,67595.678
301136.SZ,20240920,11.0,11.08,10.71,10.81,10.82,-0.01,-0.0924,81598.4,88619.784
301136.SZ,20240923,10.71,10.88,10.59,10.77,10.81,-0.04,-0.37,56727.4,61032.154
301136.SZ,20240924,10.81,11.15,10.54,11.15,10.77,0.38,3.5283,95674.0,104246.43
301136.SZ,20240925,11.13,11.64,11.1,11.32,11.15,0.17,1.5247,122379.0,139648.663
301136.SZ,20240926,11.25,11.62,11.15,11.62,11.32,0.3,2.6502,122125.74,139622.381
301136.SZ,20240927,11.93,12.63,11.77,12.51,11.62,0.89,7.6592,208522.93,253462.841
301136.SZ,20240930,13.0,14.65,12.59,14.32,12.51,1.81,14.4684,277752.26,373262.734
301136.SZ,20241008,16.97,16.97,14.3,16.36,14.32,2.04,14.2458,308570.45,484325.563
301136.SZ,20241009,15.1,15.24,13.32,13.44,16.36,-2.92,-17.8484,207976.35,299959.391
301136.SZ,20241010,13.6,14.6,13.41,13.87,13.44,0.43,3.1994,170062.27,237983.9
301136.SZ,20241011,13.67,13.87,12.67,12.88,13.87,-0.99,-7.1377,131257.94,172044.652
301136.SZ,20241014,12.75,13.84,12.75,13.77,12.88,0.89,6.9099,170532.94,229007.976
301136.SZ,20241015,13.56,14.14,13.38,13.56,13.77,-0.21,-1.5251,185464.96,255137.57
301136.SZ,20241016,13.31,14.31,13.18,14.01,13.56,0.45,3.3186,165645.86,230622.314
301136.SZ,20241017,14.2,14.35,13.59,13.63,14.01,-0.38,-2.7123,185631.92,259495.341
301136.SZ,20241018,13.51,14.25,13.27,13.9,13.63,0.27,1.9809,162025.67,222202.031
301136.SZ,20241021,14.09,15.98,14.0,15.98,13.9,2.08,14.964,319252.93,481202.535
301136.SZ,20241022,15.5,15.6,14.62,14.9,15.98,-1.08,-6.7584,255398.9,382431.34
301136.SZ,20241023,14.95,15.14,14.5,14.62,14.9,-0.28,-1.8792,166039.66,244946.797
301136.SZ,20241024,14.47,14.7,14.13,14.32,14.62,-0.3,-2.052,108273.0,155565.665
301136.SZ,20241025,14.45,14.93,14.45,14.77,14.32,0.45,3.1425,133063.5,195356.903
301136.SZ,20241028,14.78,15.19,14.62,14.78,14.77,0.01,0.0677,159664.66,238324.63
301136.SZ,20241029,14.52,15.67,14.06,15.11,14.78,0.33,2.2327,254936.66,379191.268
301136.SZ,20241030,14.55,15.88,14.12,15.62,15.11,0.51,3.3752,276648.5,419591.143
301136.SZ,20241031,15.25,15.8,15.11,15.23,15.62,-0.39,-2.4968,192551.0,295332.049
301136.SZ,20241101,14.82,15.07,13.55,13.7,15.23,-1.53,-10.046,167718.88,237906.25
301136.SZ,20241104,13.65,13.84,13.22,13.75,13.7,0.05,0.365,87657.82,119607.34
301136.SZ,20241105,13.7,14.17,13.65,14.12,13.75,0.37,2.6909,112117.46,157169.286
301136.SZ,20241106,14.5,15.45,14.21,14.68,14.12,0.56,3.966,194826.5,287430.496
301136.SZ,20241107,14.5,15.06,14.22,15.05,14.68,0.37,2.5204,173700.74,257203.17
301136.SZ,20241108,15.08,15.41,14.8,14.86,15.05,-0.19,-1.2625,166807.33,251321.942
301136.SZ,20241111,14.9,15.3,14.87,15.23,14.86,0.37,2.4899,110855.0,167526.872
301136.SZ,20241112,15.31,15.62,14.85,15.1,15.23,-0.13,-0.8536,130228.0,199542.715
301136.SZ,20241113,15.01,15.42,14.6,15.1,15.1,0.0,0.0,99782.0,149892.348
301136.SZ,20241114,15.11,15.7,14.66,14.71,15.1,-0.39,-2.5828,100532.7,152271.069
301136.SZ,20241115,14.62,15.09,14.19,14.2,14.71,-0.51,-3.467,86359.5,126579.138
301136.SZ,20241118,14.35,14.45,13.47,13.8,14.2,-0.4,-2.8169,76965.0,106423.489
301136.SZ,20241119,13.89,14.08,13.56,14.01,13.8,0.21,1.5217,63409.5,87707.753
301136.SZ,20241120,13.91,14.24,13.88,14.18,14.01,0.17,1.2134,65616.55,92544.288
301136.SZ,20241121,14.15,14.29,13.88,14.02,14.18,-0.16,-1.1283,60421.82,85070.464
301136.SZ,20241122,14.03,14.03,13.25,13.26,14.02,-0.76,-5.4208,61686.82,84243.032
301136.SZ,20241125,13.29,13.42,12.96,13.29,13.26,0.03,0.2262,45226.0,59437.06
301136.SZ,20241126,13.29,13.48,13.17,13.23,13.29,-0.06,-0.4515,35815.0,47745.089
301136.SZ,20241127,13.24,13.38,12.7,13.33,13.23,0.1,0.7559,49327.0,64100.014
301136.SZ,20241128,13.32,13.76,13.3,13.54,13.33,0.21,1.5754,63199.0,85730.697
301136.SZ,20241129,13.51,13.79,13.29,13.67,13.54,0.13,0.9601,60676.0,82503.877
301136.SZ,20241202,13.7,14.05,13.63,13.89,13.67,0.22,1.6094,63548.0,88026.628
301136.SZ,20241203,13.89,14.36,13.7,14.34,13.89,0.45,3.2397,101107.0,142963.287
301136.SZ,20241204,13.98,14.45,13.96,14.01,14.34,-0.33,-2.3013,73877.0,104100.295
301136.SZ,20241205,13.97,14.4,13.92,14.2,14.01,0.19,1.3562,59121.0,83897.525
301136.SZ,20241206,14.32,14.56,14.23,14.23,14.2,0.03,0.2113,82024.0,117844.469
301136.SZ,20241209,14.14,14.29,13.85,14.02,14.23,-0.21,-1.4758,54862.0,77077.316
301136.SZ,20241210,14.33,14.5,14.0,14.02,14.02,0.0,0.0,60301.0,85876.854
301136.SZ,20241211,13.99,14.13,13.9,14.08,14.02,0.06,0.428,42861.0,60223.797
301136.SZ,20241212,14.07,14.25,13.95,14.11,14.08,0.03,0.2131,52019.35,73420.352
301136.SZ,20241213,14.12,14.25,13.75,13.81,14.11,-0.3,-2.1262,47554.18,66218.891
301136.SZ,20241216,13.79,14.07,13.71,13.8,13.81,-0.01,-0.0724,40778.28,56650.438
301136.SZ,20241217,13.8,13.85,13.0,13.02,13.8,-0.78,-5.6522,55717.41,74048.314
301136.SZ,20241218,13.08,13.2,12.71,13.02,13.02,0.0,0.0,33225.0,43173.136
301136.SZ,20241219,12.94,13.2,12.79,13.1,13.02,0.08,0.6144,30357.0,39444.463
301136.SZ,20241220,13.1,13.5,13.06,13.35,13.1,0.25,1.9084,30124.0,40068.618
301136.SZ,20241223,13.36,13.36,12.57,12.62,13.35,-0.73,-5.4682,43057.0,55419.563
301136.SZ,20241224,12.65,12.84,12.33,12.58,12.62,-0.04,-0.317,29201.0,36697.983
301136.SZ,20241225,12.51,12.55,11.99,12.12,12.58,-0.46,-3.6566,34474.0,42003.148
301136.SZ,20241226,12.12,12.35,12.09,12.2,12.12,0.08,0.6601,22637.0,27731.372
301136.SZ,20241227,12.25,12.74,12.15,12.45,12.2,0.25,2.0492,29243.0,36502.729
301136.SZ,20241230,12.36,12.45,12.01,12.25,12.45,-0.2,-1.6064,23821.0,29176.393
301136.SZ,20241231,12.25,12.37,11.79,11.84,12.25,-0.41,-3.3469,34732.41,41622.598
301136.SZ,20250102,11.76,11.95,11.31,11.43,11.84,-0.41,-3.4628,35364.41,41194.309
301136.SZ,20250103,11.44,11.57,10.62,10.67,11.43,-0.76,-6.6492,45031.8,49511.219
301136.SZ,20250106,10.68,10.89,10.25,10.7,10.67,0.03,0.2812,31269.7,33222.846
301136.SZ,20250107,10.85,11.11,10.66,11.11,10.7,0.41,3.8318,30302.0,33062.572
301136.SZ,20250108,11.02,11.35,10.7,11.0,11.11,-0.11,-0.9901,29959.5,33079.484
301136.SZ,20250109,10.9,11.05,10.81,10.84,11.0,-0.16,-1.4545,25464.0,27835.312
301136.SZ,20250110,10.84,10.94,10.47,10.48,10.84,-0.36,-3.321,27596.0,29576.829
301136.SZ,20250113,10.4,10.69,10.0,10.64,10.48,0.16,1.5267,27068.28,28323.531
301136.SZ,20250114,10.7,11.15,10.68,11.1,10.64,0.46,4.3233,34303.0,37656.333
301136.SZ,20250115,11.1,11.15,10.91,10.92,11.1,-0.18,-1.6216,23166.0,25468.438
301136.SZ,20250116,10.97,11.14,10.91,11.02,10.92,0.1,0.9158,29806.0,32835.866
301136.SZ,20250117,11.02,11.12,10.81,11.11,11.02,0.09,0.8167,21046.0,23153.872
301136.SZ,20250120,11.01,11.2,10.92,11.19,11.11,0.08,0.7201,26406.0,29403.263
301136.SZ,20250121,11.22,11.27,10.87,11.03,11.19,-0.16,-1.4298,27293.0,29974.517
301136.SZ,20250122,10.93,11.03,10.87,10.98,11.03,-0.05,-0.4533,16788.0,18379.5
301136.SZ,20250123,11.02,11.26,10.98,11.0,10.98,0.02,0.1821,31071.0,34632.956
301136.SZ,20250124,11.0,11.12,10.83,11.08,11.0,0.08,0.7273,29242.0,32111.952
301136.SZ,20250127,11.13,11.4,11.02,11.12,11.08,0.04,0.361,30086.0,33766.714
301136.SZ,20250205,11.13,11.4,11.13,11.34,11.12,0.22,1.9784,28949.0,32730.395
301136.SZ,20250206,11.32,11.44,11.21,11.43,11.34,0.09,0.7937,29867.73,33940.499
301136.SZ,20250207,11.42,11.76,11.41,11.63,11.43,0.2,1.7498,39183.0,45494.078
301136.SZ,20250210,11.67,11.88,11.58,11.88,11.63,0.25,2.1496,41515.41,48842.988
301136.SZ,20250211,11.85,11.87,11.6,11.75,11.88,-0.13,-1.0943,34951.0,40949.675
301136.SZ,20250212,11.74,11.89,11.7,11.88,11.75,0.13,1.1064,27658.0,32696.584
301136.SZ,20250213,11.88,12.0,11.7,11.74,11.88,-0.14,-1.1785,27794.0,32935.966
301136.SZ,20250214,11.69,11.84,11.6,11.7,11.74,-0.04,-0.3407,26458.0,30959.237
301136.SZ,20250217,11.76,11.97,11.7,11.96,11.7,0.26,2.2222,41724.8,49576.244
301136.SZ,20250218,11.99,12.19,11.6,11.64,11.96,-0.32,-2.6756,43212.0,51510.471
301136.SZ,20250219,11.71,11.92,11.62,11.92,11.64,0.28,2.4055,30282.0,35870.074
301136.SZ,20250220,11.87,11.91,11.73,11.81,11.92,-0.11,-0.9228,30731.05,36299.657
301136.SZ,20250221,11.84,12.0,11.6,11.96,11.81,0.15,1.2701,41730.0,49295.897
301136.SZ,20250224,11.95,12.38,11.86,12.35,11.96,0.39,3.2609,68282.0,83107.042
301136.SZ,20250225,12.2,12.5,12.09,12.24,12.35,-0.11,-0.8907,46200.28,56584.032
301136.SZ,20250226,12.29,12.4,12.16,12.29,12.24,0.05,0.4085,39762.0,48753.633
301136.SZ,20250227,12.25,12.35,11.96,12.25,12.29,-0.04,-0.3255,32233.0,39232.015
301136.SZ,20250228,12.2,12.26,11.79,11.81,12.25,-0.44,-3.5918,36950.0,44249.636
301136.SZ,20250303,11.83,12.04,11.67,11.73,11.81,-0.08,-0.6774,38616.0,45880.851
301136.SZ,20250304,11.68,12.05,11.62,12.04,11.73,0.31,2.6428,34412.0,40902.058
301136.SZ,20250305,12.0,12.08,11.71,11.84,12.04,-0.2,-1.6611,30168.0,35663.315
301136.SZ,20250306,11.86,12.29,11.85,12.2,11.84,0.36,3.0405,48402.0,58531.362
301136.SZ,20250307,12.14,12.14,11.85,11.95,12.2,-0.25,-2.0492,40060.0,48043.48
301136.SZ,20250310,11.93,12.34,11.93,12.25,11.95,0.3,2.5105,51530.0,62783.701
301136.SZ,20250311,12.1,12.79,12.01,12.45,12.25,0.2,1.6327,116508.98,145574.631
301136.SZ,20250312,12.55,12.6,12.28,12.32,12.45,-0.13,-1.0442,68681.0,84968.404
301136.SZ,20250313,12.24,12.31,12.0,12.23,12.32,-0.09,-0.7305,52752.0,64032.417
301136.SZ,20250314,12.33,12.65,12.24,12.42,12.23,0.19,1.5536,59244.28,73664.073
301136.SZ,20250317,12.42,12.84,12.41,12.59,12.42,0.17,1.3688,64218.0,81181.526
301136.SZ,20250318,12.59,12.77,12.42,12.65,12.59,0.06,0.4766,61219.28,77149.276
301136.SZ,20250319,12.61,12.66,12.4,12.46,12.65,-0.19,-1.502,38306.28,47982.292
301136.SZ,20250320,12.42,12.94,12.4,12.67,12.46,0.21,1.6854,61165.0,77646.04
301136.SZ,20250321,12.6,14.88,12.59,13.95,12.67,1.28,10.1026,319981.53,442028.948
301136.SZ,20250324,13.82,13.88,12.9,13.51,13.95,-0.44,-3.1541,196444.8,262062.988
301136.SZ,20250325,13.6,14.04,13.07,13.15,13.51,-0.36,-2.6647,146029.45,196431.169
301136.SZ,20250326,13.04,13.47,12.69,13.36,13.15,0.21,1.597,171561.23,225327.786
301136.SZ,20250327,13.02,13.08,12.44,12.47,13.36,-0.89,-6.6617,132566.73,167155.69
301136.SZ,20250328,12.52,12.78,11.92,11.93,12.47,-0.54,-4.3304,101051.0,123620.081
301136.SZ,20250331,11.81,11.83,11.44,11.58,11.93,-0.35,-2.9338,69142.0,80217.614
301136.SZ,20250401,11.68,12.02,11.65,11.89,11.58,0.31,2.677,58305.0,69362.714
301136.SZ,20250402,11.89,12.44,11.71,12.1,11.89,0.21,1.7662,73095.0,88026.838
301136.SZ,20250403,11.9,12.09,11.77,11.94,12.1,-0.16,-1.3223,60075.0,71740.109
301136.SZ,20250407,11.2,11.4,9.55,9.55,11.94,-2.39,-20.0168,97703.0,100421.363
301136.SZ,20250408,9.8,10.3,9.65,10.05,9.55,0.5,5.2356,83544.0,84300.014
301136.SZ,20250409,9.89,10.68,9.32,10.6,10.05,0.55,5.4726,87319.0,88417.819
301136.SZ,20250410,10.73,11.29,10.71,10.89,10.6,0.29,2.7358,66153.0,72739.529
301136.SZ,20250411,10.71,11.0,10.66,10.79,10.89,-0.1,-0.9183,43046.0,46833.698
301136.SZ,20250414,10.95,11.13,10.88,11.03,10.79,0.24,2.2243,36466.0,40212.49
301136.SZ,20250415,11.06,11.13,10.88,10.97,11.03,-0.06,-0.544,25536.25,27968.777
301136.SZ,20250416,10.9,11.01,10.49,10.65,10.97,-0.32,-2.917,38692.0,41359.974
301136.SZ,20250417,10.66,10.95,10.55,10.78,10.65,0.13,1.2207,28300.0,30614.94
301136.SZ,20250418,10.78,10.92,10.55,10.82,10.78,0.04,0.3711,36434.0,39141.835
301136.SZ,20250421,10.78,10.96,10.64,10.89,10.82,0.07,0.647,31586.0,34235.023
301136.SZ,20250422,10.98,11.03,10.79,10.92,10.89,0.03,0.2755,31376.0,34258.686
301136.SZ,20250423,11.03,11.16,10.86,11.03,10.92,0.11,1.0073,56097.0,61743.059
301136.SZ,20250424,10.94,11.17,10.7,10.94,11.03,-0.09,-0.816,51122.0,56027.786
301136.SZ,20250425,10.95,11.06,10.78,10.8,10.94,-0.14,-1.2797,36670.0,40061.623
301136.SZ,20250428,10.79,10.85,10.51,10.57,10.8,-0.23,-2.1296,33083.0,35146.699
301136.SZ,20250429,10.55,10.82,10.54,10.65,10.57,0.08,0.7569,24013.0,25730.231
301136.SZ,20250430,10.65,10.94,10.65,10.83,10.65,0.18,1.6901,25913.0,28077.286
301136.SZ,20250506,10.87,11.12,10.86,11.12,10.83,0.29,2.6777,34317.0,37915.441
301136.SZ,20250507,11.2,11.51,11.17,11.32,11.12,0.2,1.7986,52289.0,59168.911
301136.SZ,20250508,11.25,11.53,11.21,11.51,11.32,0.19,1.6784,35522.0,40534.187
301136.SZ,20250509,11.46,11.54,11.37,11.39,11.51,-0.12,-1.0426,29026.0,33186.514
301136.SZ,20250512,11.42,11.58,11.39,11.53,11.39,0.14,1.2291,25534.0,29337.897
301136.SZ,20250513,11.59,11.63,11.33,11.43,11.53,-0.1,-0.8673,29293.0,33538.328
301136.SZ,20250514,11.47,11.53,11.29,11.36,11.43,-0.07,-0.6124,30835.0,35053.297
301136.SZ,20250515,11.34,11.36,11.18,11.26,11.36,-0.1,-0.8803,21839.0,24566.946
301136.SZ,20250516,11.46,11.69,11.24,11.24,11.26,-0.02,-0.1776,63009.0,71673.096
301136.SZ,20250519,11.18,11.55,11.18,11.51,11.24,0.27,2.4021,48380.0,55219.187
301136.SZ,20250520,11.47,11.75,11.37,11.67,11.51,0.16,1.3901,51524.0,59768.223
301136.SZ,20250521,11.61,11.77,11.51,11.7,11.67,0.03,0.2571,37088.0,43223.62
301136.SZ,20250522,11.68,11.71,11.36,11.36,11.7,-0.34,-2.906,31811.0,36618.196
301136.SZ,20250523,11.36,11.49,11.2,11.22,11.36,-0.14,-1.2324,28021.0,31803.709
301136.SZ,20250526,11.2,11.42,11.18,11.4,11.22,0.18,1.6043,19920.0,22605.26
301136.SZ,20250527,11.35,11.45,11.22,11.37,11.4,-0.03,-0.2632,19606.0,22182.855
301136.SZ,20250528,11.37,11.46,11.21,11.26,11.37,-0.11,-0.9675,20532.0,23219.437
301136.SZ,20250529,11.21,11.75,11.21,11.61,11.26,0.35,3.1083,50676.0,58538.631
301136.SZ,20250530,11.52,11.65,11.34,11.42,11.61,-0.19,-1.6365,31294.0,35826.595
301136.SZ,20250603,11.38,11.57,11.32,11.48,11.42,0.06,0.5254,27032.0,30987.333
301136.SZ,20250604,11.48,12.71,11.41,12.25,11.48,0.77,6.7073,198012.22,242371.354
301136.SZ,20250605,12.3,13.43,12.12,13.04,12.25,0.79,6.449,238487.0,304656.804
301136.SZ,20250606,13.7,15.0,13.25,13.46,13.04,0.42,3.2209,304014.85,421397.748
301136.SZ,20250609,12.99,13.19,12.5,12.9,13.46,-0.56,-4.1605,196461.64,253337.155
301136.SZ,20250610,13.02,13.34,12.42,12.62,12.9,-0.28,-2.1705,176214.0,225756.045
301136.SZ,20250611,12.75,12.8,12.41,12.47,12.62,-0.15,-1.1886,108045.22,135005.733
301136.SZ,20250612,12.46,12.46,12.2,12.34,12.47,-0.13,-1.0425,86275.0,106233.412
301136.SZ,20250613,12.29,12.44,11.92,12.01,12.34,-0.33,-2.6742,92479.0,112047.636
301136.SZ,20250616,11.98,12.15,11.95,12.06,12.01,0.05,0.4163,53620.0,64663.092
301136.SZ,20250617,12.05,12.07,11.85,12.02,12.06,-0.04,-0.3317,50329.0,60156.72
301136.SZ,20250618,12.0,12.02,11.78,11.91,12.02,-0.11,-0.9151,40167.06,47712.66
301136.SZ,20250619,11.85,11.93,11.52,11.58,11.91,-0.33,-2.7708,45929.0,53591.934
301136.SZ,20250620,11.62,11.8,11.42,11.63,11.58,0.05,0.4318,46991.0,54595.01
301136.SZ,20250623,11.52,11.76,11.45,11.74,11.63,0.11,0.9458,33973.47,39629.937
301136.SZ,20250624,11.77,12.31,11.77,12.11,11.74,0.37,3.1516,87063.47,105182.72
301136.SZ,20250625,12.14,12.19,11.99,12.08,12.11,-0.03,-0.2477,69051.0,83316.212
301136.SZ,20250626,12.08,12.28,12.04,12.11,12.08,0.03,0.2483,59847.0,72757.677
301136.SZ,20250627,12.23,12.43,12.15,12.22,12.11,0.11,0.9083,53499.0,65716.197
301136.SZ,20250630,12.23,12.44,12.14,12.44,12.22,0.22,1.8003,50482.47,62262.227
301136.SZ,20250701,12.42,12.5,12.22,12.34,12.44,-0.1,-0.8039,43617.0,53852.881
301136.SZ,20250702,12.65,13.68,12.36,13.3,12.34,0.96,7.7796,261097.22,339625.488
301136.SZ,20250703,13.2,13.68,12.69,12.92,13.3,-0.38,-2.8571,210667.48,275477.192
301136.SZ,20250704,12.75,12.84,12.4,12.43,12.92,-0.49,-3.7926,127947.0,160737.417
301136.SZ,20250707,12.4,12.76,12.24,12.68,12.43,0.25,2.0113,72717.0,91395.185
301136.SZ,20250708,12.69,12.85,12.58,12.75,12.68,0.07,0.5521,66131.0,84104.927
301136.SZ,20250709,12.76,13.13,12.67,12.92,12.75,0.17,1.3333,104596.29,135529.298
301136.SZ,20250710,12.85,13.5,12.58,13.37,12.92,0.45,3.483,197300.94,259049.344
301136.SZ,20250711,13.42,13.48,12.98,13.08,13.37,-0.29,-2.169,132831.0,174693.263
301136.SZ,20250714,13.04,13.46,12.88,13.23,13.08,0.15,1.1468,89203.0,117465.517
301136.SZ,20250715,13.15,13.2,12.73,12.83,13.23,-0.4,-3.0234,78324.0,100878.19
301136.SZ,20250716,12.79,12.92,12.6,12.69,12.83,-0.14,-1.0912,48564.0,61859.455
301136.SZ,20250717,12.66,12.82,12.61,12.78,12.69,0.09,0.7092,34297.0,43666.178
301136.SZ,20250718,12.77,12.85,12.72,12.82,12.78,0.04,0.313,31556.0,40349.643
301136.SZ,20250721,13.06,13.46,12.98,13.44,12.82,0.62,4.8362,125811.29,167146.449
301136.SZ,20250722,13.42,13.67,13.28,13.62,13.44,0.18,1.3393,124742.29,167992.549
301136.SZ,20250723,13.59,13.95,13.3,13.63,13.62,0.01,0.0734,153637.94,209259.452
301136.SZ,20250724,13.49,13.61,13.27,13.43,13.63,-0.2,-1.4674,85051.0,114094.95
301136.SZ,20250725,13.43,13.45,13.2,13.24,13.43,-0.19,-1.4147,56452.0,74879.544
301136.SZ,20250728,13.28,13.29,13.17,13.25,13.24,0.01,0.0755,40166.0,53128.628
301136.SZ,20250729,12.85,13.0,12.55,12.79,13.25,-0.46,-3.4717,112590.5,142892.192
301136.SZ,20250730,12.71,12.9,12.65,12.75,12.79,-0.04,-0.3127,57269.0,72999.266
301136.SZ,20250731,12.44,12.73,12.41,12.47,12.75,-0.28,-2.1961,81079.0,101594.282
301136.SZ,20250801,12.45,12.7,12.43,12.65,12.47,0.18,1.4435,62414.0,78531.473
301136.SZ,20250804,12.53,12.79,12.49,12.76,12.65,0.11,0.8696,42921.25,54390.857
301136.SZ,20250805,12.77,12.98,12.71,12.82,12.76,0.06,0.4702,49476.0,63395.873
301136.SZ,20250806,12.72,12.91,12.71,12.86,12.82,0.04,0.312,38291.0,49088.94
301136.SZ,20250807,12.82,12.9,12.74,12.82,12.86,-0.04,-0.311,40281.0,51633.267
301136.SZ,20250808,12.8,13.05,12.7,12.92,12.82,0.1,0.78,87803.0,113191.323
301136.SZ,20250811,12.9,13.14,12.85,13.09,12.92,0.17,1.3158,75650.0,98660.48
301136.SZ,20250812,13.06,13.19,12.95,13.08,13.09,-0.01,-0.0764,67074.0,87552.308
301136.SZ,20250813,13.09,13.11,12.9,12.93,13.08,-0.15,-1.1468,49384.0,64002.065
301136.SZ,20250814,12.96,12.96,12.45,12.5,12.93,-0.43,-3.3256,77637.0,98253.358
301136.SZ,20250815,12.44,12.67,12.44,12.67,12.5,0.17,1.36,42457.72,53566.147
301136.SZ,20250818,12.67,12.84,12.65,12.71,12.67,0.04,0.3157,52770.0,67120.42
301136.SZ,20250819,12.67,12.8,12.62,12.74,12.71,0.03,0.236,48998.0,62335.572
301136.SZ,20250820,12.69,12.73,12.52,12.68,12.74,-0.06,-0.471,50775.72,64055.312
301136.SZ,20250821,12.67,12.97,12.66,12.71,12.68,0.03,0.2366,76693.0,97894.754
301136.SZ,20250822,12.7,12.75,12.5,12.6,12.71,-0.11,-0.8655,64352.25,80942.527
301136.SZ,20250825,12.6,12.87,12.55,12.86,12.6,0.26,2.0635,81646.84,104028.57
301136.SZ,20250826,12.81,12.98,12.72,12.85,12.86,-0.01,-0.0778,65285.72,84015.399
301136.SZ,20250827,12.77,12.9,12.2,12.21,12.85,-0.64,-4.9805,91252.0,114566.847
301136.SZ,20250828,12.21,12.42,11.74,12.12,12.21,-0.09,-0.7371,76157.0,92294.236
301136.SZ,20250829,12.16,12.23,11.91,11.94,12.12,-0.18,-1.4851,44670.25,53713.807
301136.SZ,20250901,11.95,12.11,11.9,11.95,11.94,0.01,0.0838,38687.0,46361.942
301136.SZ,20250902,11.95,12.01,11.59,11.76,11.95,-0.19,-1.59,46622.0,54848.555
301136.SZ,20250903,11.77,11.85,11.37,11.42,11.76,-0.34,-2.8912,31237.0,36154.196
301136.SZ,20250904,11.64,11.7,11.4,11.54,11.42,0.12,1.0508,37980.0,43959.211
301136.SZ,20250905,11.56,11.67,11.42,11.65,11.54,0.11,0.9532,27906.0,32300.118
301136.SZ,20250908,11.64,11.8,11.61,11.8,11.65,0.15,1.2876,31183.0,36562.002
301136.SZ,20250909,11.78,11.79,11.57,11.6,11.8,-0.2,-1.6949,29509.0,34434.531
301136.SZ,20250910,11.6,11.72,11.55,11.66,11.6,0.06,0.5172,20669.43,24056.958
301136.SZ,20250911,11.7,11.92,11.52,11.87,11.66,0.21,1.801,37057.97,43622.16
301136.SZ,20250912,11.88,11.93,11.76,11.77,11.87,-0.1,-0.8425,21677.0,25652.686
301136.SZ,20250915,11.82,11.82,11.55,11.67,11.77,-0.1,-0.8496,26982.0,31479.567
301136.SZ,20250916,11.65,11.85,11.61,11.85,11.67,0.18,1.5424,26165.0,30706.343
301136.SZ,20250917,11.85,11.86,11.73,11.76,11.85,-0.09,-0.7595,18978.6,22363.847
301136.SZ,20250918,11.76,11.82,11.39,11.45,11.76,-0.31,-2.6361,34180.36,39731.089
301136.SZ,20250919,11.45,11.55,11.33,11.47,11.45,0.02,0.1747,21255.0,24301.329
301136.SZ,20250922,11.47,11.47,11.17,11.23,11.47,-0.24,-2.0924,26316.94,29643.546
301136.SZ,20250923,11.23,11.27,10.76,11.12,11.23,-0.11,-0.9795,38741.18,42533.267
301136.SZ,20250924,11.11,11.26,11.03,11.25,11.12,0.13,1.1691,26004.29,29120.911
301136.SZ,20250925,11.22,11.34,11.11,11.11,11.25,-0.14,-1.2444,24344.0,27316.435
301136.SZ,20250926,11.14,11.43,11.01,11.26,11.11,0.15,1.3501,36006.0,40638.55
301136.SZ,20250929,11.21,11.34,10.96,11.28,11.26,0.02,0.1776,30295.0,33912.271
301136.SZ,20250930,11.33,11.34,11.19,11.19,11.28,-0.09,-0.7979,26617.0,29954.463
301136.SZ,20251009,11.24,11.25,11.07,11.08,11.19,-0.11,-0.983,24937.0,27790.826
301136.SZ,20251010,11.11,11.34,11.07,11.21,11.08,0.13,1.1733,32046.0,36048.188
301136.SZ,20251013,10.93,11.26,10.62,11.22,11.21,0.01,0.0892,36402.19,40171.145
301136.SZ,20251014,11.21,11.4,11.17,11.18,11.22,-0.04,-0.3565,28210.0,31852.868
301136.SZ,20251015,11.24,11.4,11.17,11.35,11.18,0.17,1.5206,23590.0,26723.157
301136.SZ,20251016,11.35,11.38,11.11,11.16,11.35,-0.19,-1.674,23285.0,26098.01
301136.SZ,20251017,11.19,11.49,11.12,11.29,11.16,0.13,1.1649,55183.0,62654.367
301136.SZ,20251020,11.4,11.8,11.32,11.57,11.29,0.28,2.4801,58045.2,66992.978
301136.SZ,20251021,11.62,11.66,11.44,11.65,11.57,0.08,0.6914,42394.2,49112.843
301136.SZ,20251022,11.6,11.8,11.58,11.58,11.65,-0.07,-0.6009,40101.44,46818.927
301136.SZ,20251023,11.64,12.03,11.59,11.71,11.58,0.13,1.1226,69098.0,81307.241
301136.SZ,20251024,11.83,12.32,11.76,11.92,11.71,0.21,1.7933,116085.03,139564.546
301136.SZ,20251027,12.09,12.86,11.84,12.4,11.92,0.48,4.0268,187098.85,230648.771
301136.SZ,20251028,12.37,13.56,12.3,13.14,12.4,0.74,5.9677,357655.84,467591.912
301136.SZ,20251029,13.0,13.49,12.23,12.81,13.14,-0.33,-2.5114,346844.67,440778.235
301136.SZ,20251030,12.57,12.93,12.31,12.4,12.81,-0.41,-3.2006,187218.82,233687.269
301136.SZ,20251031,12.41,13.01,12.2,12.61,12.4,0.21,1.6935,171750.79,217118.419
301136.SZ,20251103,12.65,13.45,12.65,12.78,12.61,0.17,1.3481,178464.91,230109.986
301136.SZ,20251104,12.61,15.34,12.56,15.34,12.78,2.56,20.0313,483508.15,695069.328
301136.SZ,20251105,14.83,15.93,14.56,15.59,15.34,0.25,1.6297,637388.24,963751.846
301136.SZ,20251106,14.86,14.98,13.96,14.09,15.59,-1.5,-9.6216,425235.42,607418.914
301136.SZ,20251107,14.4,14.5,13.7,14.24,14.09,0.15,1.0646,292077.85,413655.062
301136.SZ,20251110,13.99,14.75,13.78,14.66,14.24,0.42,2.9494,321850.31,461447.381
301136.SZ,20251111,14.17,14.56,13.93,14.24,14.66,-0.42,-2.8649,220816.49,314113.283
301136.SZ,20251112,14.09,14.46,13.55,13.7,14.24,-0.54,-3.7921,212545.68,295125.387
301136.SZ,20251113,13.79,14.46,13.54,14.22,13.7,0.52,3.7956,237725.78,336189.23
301136.SZ,20251114,14.26,15.29,14.13,14.68,14.22,0.46,3.2349,356308.9,522817.162
301136.SZ,20251117,15.22,15.58,14.67,15.05,14.68,0.37,2.5204,352075.99,529864.19
301136.SZ,20251118,14.99,14.99,13.8,14.17,15.05,-0.88,-5.8472,288964.17,410123.244
301136.SZ,20251119,14.21,14.45,13.82,13.93,14.17,-0.24,-1.6937,158827.76,222839.719
301136.SZ,20251120,14.01,14.71,13.67,14.27,13.93,0.34,2.4408,206277.07,292753.892
301136.SZ,20251121,14.0,14.97,13.6,13.6,14.27,-0.67,-4.6952,234864.54,332806.959
301136.SZ,20251124,13.88,16.32,13.87,16.32,13.6,2.72,20.0,197684.18,315061.249
301136.SZ,20251125,17.95,17.95,16.3,17.07,16.32,0.75,4.5956,658507.95,1117272.439
301136.SZ,20251126,17.87,18.55,16.5,17.41,17.07,0.34,1.9918,574322.33,1002829.224
301136.SZ,20251127,15.92,16.33,15.04,15.39,17.41,-2.02,-11.6025,424393.49,662044.099
301136.SZ,20251128,15.62,17.42,15.41,16.96,15.39,1.57,10.2014,519942.06,859035.215
301136.SZ,20251201,17.4,17.95,16.52,16.6,16.96,-0.36,-2.1226,459400.03,786727.492
301136.SZ,20251202,16.11,19.92,15.83,19.92,16.6,3.32,20.0,462410.58,827155.471
301136.SZ,20251203,20.8,23.9,19.54,22.02,19.92,2.1,10.5422,851757.39,1818672.634
301136.SZ,20251204,21.34,25.98,21.07,25.02,22.02,3.0,13.624,755802.32,1809711.08
301136.SZ,20251205,23.93,27.67,22.51,26.87,25.02,1.85,7.3941,739867.42,1830342.237
301136.SZ,20251208,27.35,29.0,26.16,26.17,26.87,-0.7,-2.6051,745348.81,2043550.185
301136.SZ,20251209,25.33,28.27,24.36,26.96,26.17,0.79,3.0187,669704.07,1740278.963
301136.SZ,20251210,25.12,26.06,24.42,24.55,26.96,-2.41,-8.9392,490753.13,1233222.678
301136.SZ,20251211,24.76,25.56,23.62,23.7,24.55,-0.85,-3.4623,444806.02,1094541.982
301136.SZ,20251212,23.31,25.0,22.81,23.31,23.7,-0.39,-1.6456,423688.46,1016212.41
301136.SZ,20251215,23.01,24.43,22.15,23.97,23.31,0.66,2.8314,382044.42,896904.627
301136.SZ,20251216,23.01,23.31,21.6,22.2,23.97,-1.77,-7.3842,384463.14,857546.941
301136.SZ,20251217,22.0,22.3,20.5,21.26,22.2,-0.94,-4.2342,338659.57,713414.405
301136.SZ,20251218,20.65,21.74,20.19,20.84,21.26,-0.42,-1.9755,314310.25,658293.718
301136.SZ,20251219,20.87,21.12,20.11,20.27,20.84,-0.57,-2.7351,264818.79,541976.599
301136.SZ,20251222,20.09,20.37,19.8,20.08,20.27,-0.19,-0.9373,192426.92,384736.196
301136.SZ,20251223,20.02,20.11,19.43,19.6,20.08,-0.48,-2.3904,191494.42,376694.515
301136.SZ,20251224,19.51,20.95,19.33,20.67,19.6,1.07,5.4592,322352.98,654468.507
301136.SZ,20251225,20.55,21.16,20.32,20.56,20.67,-0.11,-0.5322,310271.47,643275.548
301136.SZ,20251226,20.57,21.95,20.35,21.06,20.56,0.5,2.4319,409443.54,872568.727
301136.SZ,20251229,20.39,21.96,19.88,21.11,21.06,0.05,0.2374,349006.68,721508.147
301136.SZ,20251230,20.8,21.63,19.55,19.62,21.11,-1.49,-7.0583,333896.89,680439.67
301136.SZ,20251231,19.7,20.6,19.56,20.26,19.62,0.64,3.262,227825.57,458575.577
301136.SZ,20260105,20.03,21.02,19.75,20.35,20.26,0.09,0.4442,233698.2,476297.51
301136.SZ,20260106,20.28,20.35,19.6,19.91,20.35,-0.44,-2.1622,223488.87,446257.155
301136.SZ,20260107,19.86,20.0,19.41,19.63,19.91,-0.28,-1.4063,168721.67,331315.031
301136.SZ,20260108,19.49,20.58,19.4,20.5,19.63,0.87,4.432,260108.93,523173.134
301136.SZ,20260109,20.51,23.88,20.36,23.13,20.5,2.63,12.8293,534599.08,1169683.774
301136.SZ,20260112,23.2,24.89,22.66,24.34,23.13,1.21,5.2313,537046.56,1280817.82
301136.SZ,20260113,23.5,23.5,21.1,21.32,24.34,-3.02,-12.4076,351474.7,767146.156
301136.SZ,20260114,21.01,22.22,20.83,21.42,21.32,0.1,0.469,282542.91,609536.309
301136.SZ,20260115,21.0,21.01,19.66,19.93,21.42,-1.49,-6.9561,204519.71,410009.21
301136.SZ,20260116,20.13,20.22,19.37,19.73,19.93,-0.2,-1.0035,146738.74,290855.066
301136.SZ,20260119,19.74,20.12,19.48,19.96,19.73,0.23,1.1657,96959.79,193199.268
301136.SZ,20260120,19.84,20.16,17.72,17.97,19.96,-1.99,-9.9699,232533.3,431674.996
301136.SZ,20260121,17.88,18.27,17.6,17.68,17.97,-0.29,-1.6138,136041.32,243556.19
301136.SZ,20260122,17.69,18.27,17.65,18.24,17.68,0.56,3.1674,108436.22,195673.762
301136.SZ,20260123,18.25,19.42,18.19,19.24,18.24,1.0,5.4825,163169.65,309442.96
301136.SZ,20260126,19.01,19.05,17.87,18.04,19.24,-1.2,-6.237,135125.03,247547.21
301136.SZ,20260127,17.9,18.46,17.7,18.19,18.04,0.15,0.8315,106833.7,193558.344
301136.SZ,20260128,18.11,18.19,17.51,17.66,18.19,-0.53,-2.9137,111398.33,197826.222
301136.SZ,20260129,17.5,17.9,17.17,17.44,17.66,-0.22,-1.2458,80591.62,141770.047
301136.SZ,20260130,17.35,17.6,17.21,17.44,17.44,0.0,0.0,81181.11,141198.937
301136.SZ,20260202,17.04,17.65,17.01,17.1,17.44,-0.34,-1.9495,75751.2,131596.139
301136.SZ,20260203,17.3,17.8,17.21,17.72,17.1,0.62,3.6257,81205.0,142747.304
301136.SZ,20260204,17.61,18.05,17.56,17.71,17.72,-0.01,-0.0564,76443.09,135772.443
301136.SZ,20260205,17.76,20.44,17.63,19.97,17.71,2.26,12.7612,384967.12,744622.041
301136.SZ,20260206,19.07,19.11,17.82,18.2,19.97,-1.77,-8.8633,294878.94,536053.919
301136.SZ,20260209,17.99,18.25,17.83,17.95,18.2,-0.25,-1.3736,170020.28,305576.441
301136.SZ,20260210,17.86,17.86,17.33,17.36,17.95,-0.59,-3.2869,138370.45,241601.019
301136.SZ,20260211,19.01,20.6,18.51,18.84,17.36,1.48,8.5253,394845.54,765670.072
301136.SZ,20260212,18.41,19.16,18.03,18.12,18.84,-0.72,-3.8217,281106.87,518283.626
301136.SZ,20260213,18.12,18.96,17.71,17.71,18.12,-0.41,-2.2627,192714.87,355180.623
301136.SZ,20260224,17.8,17.99,17.71,17.93,17.71,0.22,1.2422,112846.32,201584.436
301136.SZ,20260225,17.91,18.22,17.62,18.08,17.93,0.15,0.8366,119026.98,214154.097
301136.SZ,20260226,17.42,17.61,17.08,17.57,18.08,-0.51,-2.8208,172544.3,298221.891
301136.SZ,20260227,17.37,17.94,17.27,17.91,17.57,0.34,1.9351,123149.32,217320.116
