ts_code,trade_date,open,high,low,close,pre_close,change,pct_chg,vol,amount
301202.SZ,20230705,45.0,50.0,42.9,42.93,25.82,17.11,66.2665,239468.81,1090900.169
301202.SZ,20230706,39.31,45.6,38.97,44.12,42.93,1.19,2.772,198342.43,823588.994
301202.SZ,20230707,42.5,43.22,38.58,38.62,44.12,-5.5,-12.466,153829.17,633384.452
301202.SZ,20230710,36.83,40.58,35.63,39.73,38.62,1.11,2.8742,146023.55,553985.196
301202.SZ,20230711,40.5,44.27,39.8,40.68,39.73,0.95,2.3911,191333.33,799815.871
301202.SZ,20230712,38.5,38.88,36.22,36.67,40.68,-4.01,-9.8574,162777.38,603815.614
301202.SZ,20230713,35.76,36.15,34.5,35.22,36.67,-1.45,-3.9542,115382.54,405999.316
301202.SZ,20230714,35.06,36.85,35.05,36.38,35.22,1.16,3.2936,106196.87,382736.012
301202.SZ,20230717,36.38,38.0,36.0,36.7,36.38,0.32,0.8796,111212.57,411562.825
301202.SZ,20230718,36.0,37.86,34.58,37.42,36.7,0.72,1.9619,112451.82,408399.124
301202.SZ,20230719,37.0,38.74,35.63,37.61,37.42,0.19,0.5077,111546.11,415525.891
301202.SZ,20230720,37.71,38.64,35.66,36.54,37.61,-1.07,-2.845,111131.46,411397.242
301202.SZ,20230721,36.0,36.52,34.77,34.79,36.54,-1.75,-4.7893,69919.61,247697.638
301202.SZ,20230724,33.98,35.49,33.0,35.14,34.79,0.35,1.006,56881.67,196951.345
301202.SZ,20230725,35.07,35.6,34.64,35.15,35.14,0.01,0.0285,52639.7,185199.458
301202.SZ,20230726,34.9,35.2,33.75,33.97,35.15,-1.18,-3.357,50810.53,174830.487
301202.SZ,20230727,33.68,34.45,33.01,33.12,33.97,-0.85,-2.5022,41174.5,138334.511
301202.SZ,20230728,33.0,33.37,32.55,32.86,33.12,-0.26,-0.785,40127.05,131841.99
301202.SZ,20230731,32.75,33.2,32.62,33.1,32.86,0.24,0.7304,31636.73,104239.08
301202.SZ,20230801,33.59,34.32,32.36,34.09,33.1,0.99,2.9909,80290.42,268934.011
301202.SZ,20230802,33.5,34.27,33.14,34.11,34.09,0.02,0.0587,52002.77,175242.402
301202.SZ,20230803,33.6,34.23,33.22,33.24,34.11,-0.87,-2.5506,45238.72,152021.775
301202.SZ,20230804,33.0,35.18,33.0,35.02,33.24,1.78,5.355,87384.98,300163.124
301202.SZ,20230807,35.0,36.9,34.58,36.18,35.02,1.16,3.3124,105301.64,377331.962
301202.SZ,20230808,35.5,38.46,35.21,36.32,36.18,0.14,0.387,127445.61,469459.851
301202.SZ,20230809,35.63,37.65,35.43,36.13,36.32,-0.19,-0.5231,86310.25,313145.335
301202.SZ,20230810,35.6,37.95,35.16,37.58,36.13,1.45,4.0133,108974.77,404409.706
301202.SZ,20230811,37.98,38.78,35.8,36.08,37.58,-1.5,-3.9915,98135.8,365526.604
301202.SZ,20230814,35.02,43.3,35.01,43.3,36.08,7.22,20.0111,137460.09,557628.65
301202.SZ,20230815,48.0,51.96,45.05,46.38,43.3,3.08,7.1132,262978.9,1295291.657
301202.SZ,20230816,47.3,49.0,44.99,48.0,46.38,1.62,3.4929,204687.98,964120.193
301202.SZ,20230817,46.08,47.77,43.88,44.86,48.0,-3.14,-6.5417,157908.92,721300.393
301202.SZ,20230818,43.59,47.49,41.85,43.76,44.86,-1.1,-2.4521,163186.39,725197.325
301202.SZ,20230821,44.1,47.32,44.1,44.51,43.76,0.75,1.7139,152691.51,696988.195
301202.SZ,20230822,44.52,48.33,42.8,47.58,44.51,3.07,6.8973,182113.86,828417.887
301202.SZ,20230823,45.3,45.3,39.4,39.85,47.58,-7.73,-16.2463,155697.47,650870.515
301202.SZ,20230824,40.0,42.22,38.0,38.0,39.85,-1.85,-4.6424,113646.48,457372.806
301202.SZ,20230825,37.13,38.22,33.8,34.29,38.0,-3.71,-9.7632,102890.45,368970.299
301202.SZ,20230828,36.6,36.9,34.21,34.24,34.29,-0.05,-0.1458,82080.53,291717.184
301202.SZ,20230829,34.3,37.75,34.18,37.7,34.24,3.46,10.1051,104778.59,382037.334
301202.SZ,20230830,37.58,38.7,36.71,38.38,37.7,0.68,1.8037,82346.74,312207.078
301202.SZ,20230831,37.7,38.7,37.09,38.15,38.38,-0.23,-0.5993,61172.95,232274.539
301202.SZ,20230901,38.1,38.62,36.9,37.18,38.15,-0.97,-2.5426,55820.29,210250.98
301202.SZ,20230904,37.46,37.46,36.05,36.7,37.18,-0.48,-1.291,47844.33,174707.531
301202.SZ,20230905,36.59,36.89,35.89,36.1,36.7,-0.6,-1.6349,37849.46,137270.377
301202.SZ,20230906,35.83,36.9,35.35,36.8,36.1,0.7,1.9391,45375.8,164804.773
301202.SZ,20230907,36.79,36.79,35.23,35.24,36.8,-1.56,-4.2391,35414.97,126872.622
301202.SZ,20230908,35.15,36.0,34.81,35.8,35.24,0.56,1.5891,25242.91,89783.221
301202.SZ,20230911,36.0,36.87,35.08,36.12,35.8,0.32,0.8939,43176.0,154864.943
301202.SZ,20230912,36.05,37.44,35.61,37.17,36.12,1.05,2.907,60457.63,221761.29
301202.SZ,20230913,36.5,36.7,34.75,35.4,37.17,-1.77,-4.7619,56115.25,199144.87
301202.SZ,20230914,35.12,35.86,35.0,35.42,35.4,0.02,0.0565,31491.99,111800.967
301202.SZ,20230915,35.2,35.3,34.24,34.25,35.42,-1.17,-3.3032,31903.91,110454.267
301202.SZ,20230918,33.86,34.9,33.63,34.59,34.25,0.34,0.9927,19218.38,66331.249
301202.SZ,20230919,34.43,34.58,33.69,33.88,34.59,-0.71,-2.0526,17787.54,60553.245
301202.SZ,20230920,35.0,36.66,34.83,34.93,33.88,1.05,3.0992,68915.56,245970.436
301202.SZ,20230921,34.04,35.25,33.78,34.45,34.93,-0.48,-1.3742,40670.59,140320.612
301202.SZ,20230922,34.14,36.63,34.07,36.51,34.45,2.06,5.9797,66918.6,241131.325
301202.SZ,20230925,36.21,36.54,35.68,35.78,36.51,-0.73,-1.9995,37694.97,135732.491
301202.SZ,20230926,35.98,36.3,35.45,35.92,35.78,0.14,0.3913,37253.16,133358.353
301202.SZ,20230927,35.4,36.1,34.6,34.7,35.92,-1.22,-3.3964,45084.47,158986.047
301202.SZ,20230928,35.12,36.15,35.02,35.4,34.7,0.7,2.0173,34649.6,122887.346
301202.SZ,20231009,35.53,37.46,35.4,36.48,35.4,1.08,3.0508,63392.09,229726.769
301202.SZ,20231010,36.8,36.87,35.78,35.98,36.48,-0.5,-1.3706,42832.86,154879.088
301202.SZ,20231011,35.78,36.14,34.71,35.98,35.98,0.0,0.0,38072.57,135733.354
301202.SZ,20231012,35.75,35.96,34.97,35.19,35.98,-0.79,-2.1957,32670.0,115053.804
301202.SZ,20231013,34.79,35.05,33.9,34.12,34.79,-0.67,-1.9258,31470.0,108203.428
301202.SZ,20231016,34.12,34.2,33.06,33.41,34.12,-0.71,-2.0809,26190.12,87747.822
301202.SZ,20231017,33.93,34.69,33.5,33.91,33.41,0.5,1.4966,35626.22,121466.762
301202.SZ,20231018,33.6,33.61,31.38,32.22,33.91,-1.69,-4.9838,40399.77,129773.095
301202.SZ,20231019,31.66,32.98,31.56,32.2,32.22,-0.02,-0.0621,23578.0,76652.901
301202.SZ,20231020,32.17,33.18,31.49,31.56,32.2,-0.64,-1.9876,23895.0,76793.122
301202.SZ,20231023,31.18,31.37,29.98,30.06,31.56,-1.5,-4.7529,23544.08,71933.308
301202.SZ,20231024,30.2,31.38,30.01,31.3,30.06,1.24,4.1251,22392.16,69362.585
301202.SZ,20231025,31.58,33.09,31.28,32.93,31.3,1.63,5.2077,38910.62,125728.316
301202.SZ,20231026,32.3,33.65,32.2,33.13,32.93,0.2,0.6073,31970.97,105385.68
301202.SZ,20231027,32.62,33.5,32.18,33.16,33.13,0.03,0.0906,29575.56,97031.464
301202.SZ,20231030,32.78,33.75,32.5,33.58,33.16,0.42,1.2666,23552.53,78739.487
301202.SZ,20231031,33.41,33.83,32.59,32.82,33.58,-0.76,-2.2633,21617.39,71381.691
301202.SZ,20231101,32.82,33.34,32.42,32.59,32.82,-0.23,-0.7008,14339.92,47067.98
301202.SZ,20231102,32.48,33.18,31.85,31.89,32.59,-0.7,-2.1479,16226.99,52216.667
301202.SZ,20231103,32.03,32.79,32.03,32.59,31.89,0.7,2.195,17830.31,58019.515
301202.SZ,20231106,33.31,33.46,32.89,33.35,32.59,0.76,2.332,22793.0,75758.638
301202.SZ,20231107,33.1,40.02,33.03,40.02,33.35,6.67,20.0,142993.89,531957.784
301202.SZ,20231108,39.0,39.09,37.57,38.18,40.02,-1.84,-4.5977,148327.52,567986.138
301202.SZ,20231109,38.02,39.6,37.61,38.2,38.18,0.02,0.0524,102487.41,393853.631
301202.SZ,20231110,37.15,37.69,36.39,36.55,38.2,-1.65,-4.3194,69083.8,255061.14
301202.SZ,20231113,36.69,37.0,36.42,36.91,36.55,0.36,0.985,43821.37,161094.012
301202.SZ,20231114,36.9,37.43,36.58,37.42,36.91,0.51,1.3817,54184.57,200769.5
301202.SZ,20231115,37.62,37.79,36.78,36.92,37.42,-0.5,-1.3362,44408.12,164588.017
301202.SZ,20231116,36.56,37.17,36.45,36.51,36.92,-0.41,-1.1105,32145.48,118354.098
301202.SZ,20231117,36.25,36.83,35.88,36.39,36.51,-0.12,-0.3287,33390.04,121277.549
301202.SZ,20231120,36.5,37.58,36.12,37.51,36.39,1.12,3.0778,57179.84,212049.635
301202.SZ,20231121,37.39,37.69,36.29,36.5,37.51,-1.01,-2.6926,43237.74,159143.959
301202.SZ,20231122,36.61,36.75,35.6,35.6,36.5,-0.9,-2.4658,30096.23,108286.084
301202.SZ,20231123,35.62,36.18,34.75,36.14,35.6,0.54,1.5169,29050.13,103339.261
301202.SZ,20231124,35.96,35.99,34.5,34.54,36.14,-1.6,-4.4272,34542.5,120608.022
301202.SZ,20231127,34.5,35.24,34.4,35.06,34.54,0.52,1.5055,19362.49,67497.739
301202.SZ,20231128,34.96,35.6,34.62,35.14,35.06,0.08,0.2282,20150.58,70744.391
301202.SZ,20231129,34.85,35.61,34.84,35.23,35.14,0.09,0.2561,21296.0,75156.519
301202.SZ,20231130,35.08,36.95,35.07,36.95,35.23,1.72,4.8822,72766.21,264004.506
301202.SZ,20231201,36.89,36.89,35.6,36.0,36.95,-0.95,-2.571,46502.06,167514.533
301202.SZ,20231204,36.0,36.26,35.38,35.79,36.0,-0.21,-0.5833,27532.16,98501.182
301202.SZ,20231205,35.89,35.89,33.03,33.47,35.79,-2.32,-6.4823,46004.65,156800.347
301202.SZ,20231206,33.05,33.64,32.85,33.02,33.47,-0.45,-1.3445,26066.96,86499.728
301202.SZ,20231207,32.99,33.83,32.9,33.56,33.02,0.54,1.6354,24570.55,82006.106
301202.SZ,20231208,33.2,34.55,33.2,33.9,33.56,0.34,1.0131,27474.42,93284.657
301202.SZ,20231211,33.78,34.25,33.2,34.15,33.9,0.25,0.7375,21996.79,74545.76
301202.SZ,20231212,33.99,34.35,33.77,34.23,34.15,0.08,0.2343,15534.0,52911.386
301202.SZ,20231213,34.8,35.14,33.45,33.55,34.23,-0.68,-1.9866,23666.55,81180.317
301202.SZ,20231214,33.46,34.08,32.59,32.62,33.55,-0.93,-2.772,21983.49,73138.214
301202.SZ,20231215,32.7,32.96,32.13,32.66,32.62,0.04,0.1226,14040.07,45767.918
301202.SZ,20231218,32.28,32.9,32.0,32.18,32.66,-0.48,-1.4697,12351.14,39919.426
301202.SZ,20231219,32.07,32.74,32.03,32.6,32.18,0.42,1.3052,11059.35,35900.285
301202.SZ,20231220,32.73,33.29,32.24,32.26,32.6,-0.34,-1.0429,12933.25,42538.916
301202.SZ,20231221,32.05,32.63,31.42,32.29,32.26,0.03,0.093,14073.0,45024.205
301202.SZ,20231222,32.24,32.4,31.36,31.45,32.29,-0.84,-2.6014,14920.35,47408.428
301202.SZ,20231225,31.4,31.65,30.82,30.92,31.45,-0.53,-1.6852,10145.13,31557.561
301202.SZ,20231226,30.89,31.0,29.9,30.23,30.92,-0.69,-2.2316,13218.54,39959.304
301202.SZ,20231227,30.44,31.73,30.44,31.6,30.23,1.37,4.5319,18838.86,58761.986
301202.SZ,20231228,31.45,32.24,30.94,31.91,31.6,0.31,0.981,17949.54,57051.885
301202.SZ,20231229,31.88,32.35,31.62,32.13,31.91,0.22,0.6894,15377.16,49421.531
301202.SZ,20240102,32.28,32.47,31.54,31.68,32.13,-0.45,-1.4006,12717.53,40495.785
301202.SZ,20240103,31.59,31.79,30.89,31.35,31.68,-0.33,-1.0417,14048.04,43935.384
301202.SZ,20240104,31.69,31.69,31.07,31.33,31.35,-0.02,-0.0638,8019.21,25170.099
301202.SZ,20240105,31.67,31.69,30.61,30.94,31.33,-0.39,-1.2448,25712.77,79823.139
301202.SZ,20240108,30.8,31.11,30.13,30.13,30.94,-0.81,-2.618,12978.33,39764.681
301202.SZ,20240109,30.46,31.02,29.8,29.85,30.13,-0.28,-0.9293,16605.81,50372.308
301202.SZ,20240110,29.61,29.92,29.12,29.52,29.85,-0.33,-1.1055,14543.91,42952.367
301202.SZ,20240111,29.57,30.29,29.3,30.1,29.52,0.58,1.9648,13812.08,41408.483
301202.SZ,20240112,30.04,30.29,29.46,29.46,30.1,-0.64,-2.1262,14171.26,42260.835
301202.SZ,20240115,29.46,29.62,28.98,29.24,29.46,-0.22,-0.7468,10754.97,31443.91
301202.SZ,20240116,29.37,29.38,28.22,28.7,29.24,-0.54,-1.8468,16343.34,46797.583
301202.SZ,20240117,28.91,29.1,27.7,27.82,28.7,-0.88,-3.0662,10786.75,30467.596
301202.SZ,20240118,27.7,28.01,26.76,27.52,27.82,-0.3,-1.0784,17322.57,47240.708
301202.SZ,20240119,27.5,27.8,27.03,27.12,27.52,-0.4,-1.4535,11020.19,30102.646
301202.SZ,20240122,27.06,27.12,24.86,25.15,27.12,-1.97,-7.264,19747.25,51380.036
301202.SZ,20240123,25.1,25.54,24.7,25.39,25.15,0.24,0.9543,17344.03,43721.194
301202.SZ,20240124,25.49,25.67,24.29,25.38,25.39,-0.01,-0.0394,16982.09,42428.061
301202.SZ,20240125,25.42,26.39,25.13,26.27,25.38,0.89,3.5067,15308.16,39624.046
301202.SZ,20240126,26.29,26.92,26.08,26.11,26.27,-0.16,-0.6091,17053.17,45292.35
301202.SZ,20240129,26.47,26.98,25.4,25.41,26.11,-0.7,-2.681,13574.3,35284.507
301202.SZ,20240130,25.0,25.52,24.2,24.32,25.41,-1.09,-4.2896,11870.35,29426.665
301202.SZ,20240131,24.25,24.44,22.5,22.55,24.32,-1.77,-7.278,19875.05,46546.849
301202.SZ,20240201,22.23,22.98,21.85,22.45,22.55,-0.1,-0.4435,17069.56,38347.027
301202.SZ,20240202,22.66,23.08,20.14,21.01,22.45,-1.44,-6.4143,19171.01,41013.991
301202.SZ,20240205,20.85,20.9,17.63,17.63,21.01,-3.38,-16.0876,29436.79,54927.591
301202.SZ,20240206,17.31,18.9,16.12,18.14,17.63,0.51,2.8928,32232.76,55943.928
301202.SZ,20240207,18.18,18.5,16.7,17.22,18.14,-0.92,-5.0717,31845.25,56119.34
301202.SZ,20240208,17.0,19.38,17.0,19.35,17.22,2.13,12.3693,30502.67,55611.398
301202.SZ,20240219,19.85,20.98,19.85,20.36,19.35,1.01,5.2196,31112.36,63538.535
301202.SZ,20240220,20.37,24.29,19.95,23.33,20.36,2.97,14.5874,62210.84,139506.703
301202.SZ,20240221,22.33,25.66,21.35,24.09,23.33,0.76,3.2576,72632.68,168734.824
301202.SZ,20240222,23.97,25.99,23.88,25.16,24.09,1.07,4.4417,64920.4,162015.2
301202.SZ,20240223,24.88,25.35,24.26,25.16,25.16,0.0,0.0,59094.54,146724.001
301202.SZ,20240226,25.1,26.25,24.68,25.5,25.16,0.34,1.3514,55828.99,142813.837
301202.SZ,20240227,24.99,27.28,24.75,27.02,25.5,1.52,5.9608,63491.1,166975.336
301202.SZ,20240228,28.03,28.63,23.55,24.4,27.02,-2.62,-9.6965,82397.35,223247.069
301202.SZ,20240229,23.36,25.76,23.36,25.38,24.4,0.98,4.0164,47906.2,119796.96
301202.SZ,20240301,25.56,26.8,25.54,26.47,25.38,1.09,4.2947,46157.03,121586.354
301202.SZ,20240304,27.2,30.98,26.58,28.22,26.47,1.75,6.6113,87679.67,251128.124
301202.SZ,20240305,27.0,27.89,26.6,26.86,28.22,-1.36,-4.8193,59404.23,161659.023
301202.SZ,20240306,26.59,29.15,26.3,28.21,26.86,1.35,5.0261,62592.68,173362.711
301202.SZ,20240307,28.14,28.39,26.9,27.01,28.21,-1.2,-4.2538,43820.55,121058.357
301202.SZ,20240308,27.2,29.0,26.46,28.68,27.01,1.67,6.1829,61410.42,171385.716
301202.SZ,20240311,28.7,34.42,27.66,34.42,28.68,5.74,20.0139,136342.69,430519.548
301202.SZ,20240312,34.99,35.58,32.81,33.34,34.42,-1.08,-3.1377,160283.52,544735.523
301202.SZ,20240313,36.0,38.64,34.1,34.33,33.34,0.99,2.9694,169906.99,615337.163
301202.SZ,20240314,34.0,40.44,34.0,38.21,34.33,3.88,11.3021,179063.85,664625.74
301202.SZ,20240315,39.29,45.85,37.51,45.85,38.21,7.64,19.9948,190555.56,821595.78
301202.SZ,20240318,44.66,46.99,42.81,46.5,45.85,0.65,1.4177,177095.71,794374.458
301202.SZ,20240319,44.61,45.28,42.85,43.4,46.5,-3.1,-6.6667,131791.63,577369.255
301202.SZ,20240320,42.35,42.85,39.9,41.63,43.4,-1.77,-4.0783,156188.51,643462.425
301202.SZ,20240321,41.23,41.44,39.16,39.6,41.63,-2.03,-4.8763,128062.2,511795.361
301202.SZ,20240322,39.96,41.5,39.88,40.85,39.6,1.25,3.1566,144149.5,588504.79
301202.SZ,20240325,38.52,39.4,35.0,35.0,40.85,-5.85,-14.3207,130051.01,474112.29
301202.SZ,20240326,34.68,38.0,34.06,36.78,35.0,1.78,5.0857,130475.08,467261.435
301202.SZ,20240327,36.0,36.68,33.11,33.35,36.78,-3.43,-9.3257,92008.22,318567.525
301202.SZ,20240328,33.3,35.09,32.98,34.4,33.35,1.05,3.1484,80692.74,276036.41
301202.SZ,20240329,34.41,34.7,33.36,34.5,34.4,0.1,0.2907,65537.73,223431.991
301202.SZ,20240401,34.98,35.2,34.14,34.44,34.5,-0.06,-0.1739,61794.98,213558.731
301202.SZ,20240402,34.44,34.75,32.86,33.28,34.44,-1.16,-3.3682,56705.84,190791.956
301202.SZ,20240403,33.26,33.28,31.2,31.79,33.28,-1.49,-4.4772,56136.83,179046.743
301202.SZ,20240408,31.9,32.2,30.93,31.3,31.79,-0.49,-1.5414,44809.27,141053.652
301202.SZ,20240409,31.25,31.85,30.72,31.69,31.3,0.39,1.246,34933.94,109332.683
301202.SZ,20240410,31.6,32.88,30.76,32.76,31.69,1.07,3.3765,72777.66,232574.745
301202.SZ,20240411,32.16,33.95,32.16,32.8,32.76,0.04,0.1221,63449.09,210157.28
301202.SZ,20240412,32.6,35.07,32.6,33.98,32.8,1.18,3.5976,86758.94,295799.178
301202.SZ,20240415,33.2,33.76,29.45,30.14,33.98,-3.84,-11.3008,70995.86,220898.48
301202.SZ,20240416,28.95,29.67,26.02,26.84,30.14,-3.3,-10.9489,65133.14,177962.098
301202.SZ,20240417,27.87,29.46,27.2,29.08,26.84,2.24,8.3458,47262.2,136264.134
301202.SZ,20240418,28.88,29.76,27.92,28.71,29.08,-0.37,-1.2724,44103.66,127135.604
301202.SZ,20240419,28.5,28.85,27.78,28.06,28.71,-0.65,-2.264,41460.29,117017.589
301202.SZ,20240422,27.52,27.83,25.89,27.12,28.06,-0.94,-3.35,33310.36,89610.24
301202.SZ,20240423,27.42,27.9,27.14,27.63,27.12,0.51,1.8805,27069.09,74625.61
301202.SZ,20240424,28.0,30.77,28.0,29.9,27.63,2.27,8.2157,66847.62,195594.612
301202.SZ,20240425,30.96,34.25,30.96,31.29,29.9,1.39,4.6488,96881.12,310625.788
301202.SZ,20240426,32.66,36.55,32.07,34.53,31.29,3.24,10.3547,139884.85,473336.584
301202.SZ,20240429,33.7,35.16,33.22,34.33,34.53,-0.2,-0.5792,104138.69,356597.407
301202.SZ,20240430,35.26,35.97,33.61,33.98,34.33,-0.35,-1.0195,74944.45,258938.997
301202.SZ,20240506,34.9,35.26,34.11,34.44,33.98,0.46,1.3537,65754.34,227172.223
301202.SZ,20240507,34.3,35.0,33.5,34.15,34.44,-0.29,-0.842,60352.56,205889.317
301202.SZ,20240508,33.47,33.88,32.78,33.01,34.15,-1.14,-3.3382,42557.3,141330.067
301202.SZ,20240509,33.11,33.37,32.77,32.9,33.01,-0.11,-0.3332,36557.18,120655.341
301202.SZ,20240510,32.82,33.07,31.5,31.61,32.9,-1.29,-3.921,41597.98,132809.226
301202.SZ,20240513,31.63,31.92,30.51,30.73,31.61,-0.88,-2.7839,33178.76,103128.803
301202.SZ,20240514,30.73,31.98,30.41,31.82,30.73,1.09,3.547,44369.5,139436.179
301202.SZ,20240515,31.5,32.46,31.23,31.46,31.82,-0.36,-1.1314,31756.94,101065.651
301202.SZ,20240516,33.1,35.45,32.28,34.29,31.46,2.83,8.9955,107825.75,363639.078
301202.SZ,20240517,33.01,34.32,33.01,33.8,34.29,-0.49,-1.429,65358.98,220201.364
301202.SZ,20240520,33.4,33.52,32.6,33.33,33.8,-0.47,-1.3905,51330.05,169702.656
301202.SZ,20240521,33.75,34.92,33.2,33.31,33.33,-0.02,-0.06,65451.52,222835.11
301202.SZ,20240522,32.46,34.91,32.0,34.91,33.31,1.6,4.8034,85457.33,290370.866
301202.SZ,20240523,34.97,36.52,34.4,35.49,34.91,0.58,1.6614,115521.52,412530.506
301202.SZ,20240524,35.2,36.7,32.93,35.28,35.49,-0.21,-0.5917,114502.48,400156.942
301202.SZ,20240527,35.55,35.7,33.5,34.45,35.28,-0.83,-2.3526,66198.14,227377.966
301202.SZ,20240528,33.66,33.88,31.3,31.58,34.45,-2.87,-8.3309,62966.21,204061.568
301202.SZ,20240529,31.09,33.38,31.02,32.01,31.58,0.43,1.3616,50440.5,163766.574
301202.SZ,20240530,31.2,31.39,30.09,30.1,32.01,-1.91,-5.9669,48656.27,148873.97
301202.SZ,20240531,30.44,33.42,30.21,31.8,30.1,1.7,5.6478,70384.01,225517.054
301202.SZ,20240603,31.81,32.45,31.11,31.65,31.8,-0.15,-0.4717,42817.0,136022.055
301202.SZ,20240604,31.09,31.18,29.62,30.41,31.65,-1.24,-3.9179,40671.03,122536.113
301202.SZ,20240605,29.89,29.99,29.0,29.0,30.21,-1.21,-4.0053,29377.55,86141.386
301202.SZ,20240606,29.58,29.7,27.9,28.3,29.0,-0.7,-2.4138,29709.0,85050.582
301202.SZ,20240607,28.4,28.68,27.68,28.22,28.3,-0.08,-0.2827,24335.12,68526.04
301202.SZ,20240611,27.6,28.85,26.61,28.67,28.22,0.45,1.5946,21919.08,61933.681
301202.SZ,20240612,28.8,29.5,28.51,29.3,28.67,0.63,2.1974,23383.11,68349.656
301202.SZ,20240613,29.2,29.87,29.0,29.04,29.3,-0.26,-0.8874,24184.79,71234.183
301202.SZ,20240614,29.0,29.85,28.29,29.8,29.04,0.76,2.6171,30027.66,88263.379
301202.SZ,20240617,29.57,30.1,29.38,29.5,29.8,-0.3,-1.0067,23018.06,68265.366
301202.SZ,20240618,29.25,30.26,29.22,29.96,29.5,0.46,1.5593,28567.15,85459.14
301202.SZ,20240619,30.09,30.38,29.53,29.94,29.96,-0.02,-0.0668,25727.0,76864.844
301202.SZ,20240620,30.3,30.5,28.3,28.31,29.94,-1.63,-5.4442,36048.88,105409.941
301202.SZ,20240621,27.89,28.47,27.53,28.01,28.31,-0.3,-1.0597,18546.06,51971.825
301202.SZ,20240624,28.0,28.0,26.11,26.17,28.01,-1.84,-6.5691,25749.6,69151.798
301202.SZ,20240625,26.17,26.55,25.42,25.72,26.17,-0.45,-1.7195,18261.57,47342.746
301202.SZ,20240626,25.9,27.49,25.52,27.41,25.72,1.69,6.5708,24584.52,65455.507
301202.SZ,20240627,27.61,27.7,26.58,26.6,27.41,-0.81,-2.9551,17596.84,47723.402
301202.SZ,20240628,26.6,27.57,26.13,26.76,26.6,0.16,0.6015,19406.72,52658.023
301202.SZ,20240701,26.69,27.15,26.35,26.98,26.76,0.22,0.8221,14608.48,39063.278
301202.SZ,20240702,26.94,27.22,26.51,26.65,26.98,-0.33,-1.2231,16496.1,44298.272
301202.SZ,20240703,26.8,26.8,25.78,25.92,26.65,-0.73,-2.7392,14931.06,38941.289
301202.SZ,20240704,25.73,26.2,25.22,25.3,25.92,-0.62,-2.392,15065.4,38563.579
301202.SZ,20240705,25.3,26.37,24.79,26.03,25.3,0.73,2.8854,22491.06,57921.086
301202.SZ,20240708,25.6,26.66,25.3,25.41,26.03,-0.62,-2.3819,16202.43,41818.751
301202.SZ,20240709,25.35,26.55,25.0,26.46,25.41,1.05,4.1322,23395.9,60665.012
301202.SZ,20240710,26.61,27.0,26.18,26.23,26.46,-0.23,-0.8692,20371.57,54098.194
301202.SZ,20240711,26.7,27.2,26.68,26.92,26.23,0.69,2.6306,22974.0,61862.527
301202.SZ,20240712,26.8,28.95,26.77,28.87,26.92,1.95,7.2437,53702.89,150328.779
301202.SZ,20240715,28.0,28.26,27.08,27.37,28.87,-1.5,-5.1957,35085.9,97033.009
301202.SZ,20240716,27.09,27.88,26.81,27.37,27.37,0.0,0.0,24754.08,67757.703
301202.SZ,20240717,27.0,28.16,27.0,27.42,27.37,0.05,0.1827,24818.14,68371.621
301202.SZ,20240718,26.86,26.86,25.48,26.04,27.42,-1.38,-5.0328,28894.87,75108.689
301202.SZ,20240719,26.0,26.95,25.68,26.45,26.04,0.41,1.5745,18118.03,47953.222
301202.SZ,20240722,26.03,27.05,26.03,26.97,26.45,0.52,1.966,18767.38,50173.235
301202.SZ,20240723,26.75,27.66,26.45,27.04,26.97,0.07,0.2595,29135.85,78926.461
301202.SZ,20240724,26.36,28.6,26.36,27.99,27.04,0.95,3.5133,49452.26,138286.168
301202.SZ,20240725,27.0,27.26,26.0,26.59,27.99,-1.4,-5.0018,36620.47,97546.636
301202.SZ,20240726,26.3,27.15,26.27,26.77,26.59,0.18,0.6769,22134.1,59403.199
301202.SZ,20240729,26.76,27.42,26.5,27.37,26.77,0.6,2.2413,23263.21,63015.206
301202.SZ,20240730,27.15,28.39,26.86,27.68,27.37,0.31,1.1326,29832.89,82295.855
301202.SZ,20240731,27.67,28.35,27.5,28.17,27.68,0.49,1.7702,37598.22,105472.221
301202.SZ,20240801,28.23,28.52,27.91,27.97,28.17,-0.2,-0.71,26411.8,74238.08
301202.SZ,20240802,27.46,27.88,26.72,26.72,27.97,-1.25,-4.4691,25664.48,69953.452
301202.SZ,20240805,26.5,26.74,25.28,25.3,26.72,-1.42,-5.3144,23753.0,61692.4
301202.SZ,20240806,25.69,25.88,25.29,25.67,25.3,0.37,1.4625,13263.56,33892.429
301202.SZ,20240807,25.52,26.61,25.5,26.35,25.67,0.68,2.649,20933.75,54923.595
301202.SZ,20240808,26.4,27.6,26.18,26.68,26.35,0.33,1.2524,21672.44,57827.33
301202.SZ,20240809,27.01,27.36,26.19,26.21,26.68,-0.47,-1.7616,24100.0,64737.949
301202.SZ,20240812,25.91,26.34,25.4,25.72,26.21,-0.49,-1.8695,13554.38,34956.776
301202.SZ,20240813,25.81,26.95,25.75,26.18,25.72,0.46,1.7885,12137.0,31711.439
301202.SZ,20240814,26.15,26.19,25.81,25.82,26.18,-0.36,-1.3751,11738.0,30485.739
301202.SZ,20240815,25.7,26.52,25.41,26.18,25.82,0.36,1.3943,15179.0,39385.099
301202.SZ,20240816,26.2,26.87,26.06,26.45,26.18,0.27,1.0313,16523.16,43920.546
301202.SZ,20240819,26.35,26.58,25.41,25.43,26.45,-1.02,-3.8563,19304.0,49722.891
301202.SZ,20240820,25.43,25.66,25.0,25.08,25.43,-0.35,-1.3763,10652.9,26940.277
301202.SZ,20240821,24.83,25.37,24.83,25.18,25.08,0.1,0.3987,7160.11,18053.719
301202.SZ,20240822,25.1,25.42,24.6,24.6,25.18,-0.58,-2.3034,10541.0,26217.418
301202.SZ,20240823,24.71,24.88,24.0,24.21,24.6,-0.39,-1.5854,11569.4,28154.343
301202.SZ,20240826,24.27,26.65,24.23,25.37,24.21,1.16,4.7914,30205.56,76722.849
301202.SZ,20240827,24.84,25.31,24.43,24.48,25.37,-0.89,-3.5081,18775.76,46565.951
301202.SZ,20240828,24.79,24.95,24.24,24.49,24.48,0.01,0.0408,9655.06,23766.301
301202.SZ,20240829,24.23,24.93,24.2,24.77,24.49,0.28,1.1433,11748.0,28993.776
301202.SZ,20240830,25.31,26.4,25.25,25.89,24.77,1.12,4.5216,35306.6,91798.64
301202.SZ,20240902,25.62,26.09,25.2,25.26,25.89,-0.63,-2.4334,18678.06,47951.306
301202.SZ,20240903,25.22,25.71,25.1,25.46,25.26,0.2,0.7918,10468.9,26614.612
301202.SZ,20240904,25.11,25.75,25.01,25.54,25.46,0.08,0.3142,11548.0,29366.362
301202.SZ,20240905,25.8,25.93,25.45,25.74,25.54,0.2,0.7831,11937.6,30635.044
301202.SZ,20240906,25.74,25.92,25.23,25.3,25.74,-0.44,-1.7094,8878.89,22598.718
301202.SZ,20240909,25.29,25.42,24.86,25.01,25.3,-0.29,-1.1462,8201.63,20552.503
301202.SZ,20240910,25.05,25.73,24.82,25.6,25.01,0.59,2.3591,11482.56,29097.208
301202.SZ,20240911,25.11,25.89,25.11,25.4,25.6,-0.2,-0.7813,8645.12,22107.519
301202.SZ,20240912,25.47,25.92,24.93,24.93,25.4,-0.47,-1.8504,10475.16,26617.405
301202.SZ,20240913,24.9,25.3,24.4,24.4,24.93,-0.53,-2.126,10590.06,26163.037
301202.SZ,20240918,24.54,24.66,23.82,24.16,24.4,-0.24,-0.9836,7867.01,18988.149
301202.SZ,20240919,24.27,24.78,24.06,24.49,24.16,0.33,1.3659,9814.0,24026.343
301202.SZ,20240920,24.55,24.84,24.4,24.54,24.49,0.05,0.2042,8706.61,21411.387
301202.SZ,20240923,24.33,24.92,24.18,24.44,24.54,-0.1,-0.4075,8502.0,20940.921
301202.SZ,20240924,24.6,25.23,24.13,25.16,24.44,0.72,2.946,16465.56,40835.029
301202.SZ,20240925,25.3,25.99,25.3,25.41,25.16,0.25,0.9936,21888.51,56210.632
301202.SZ,20240926,25.29,26.5,25.18,26.34,25.41,0.93,3.66,24484.41,63690.135
301202.SZ,20240927,26.76,31.37,26.58,31.37,26.14,5.23,20.0077,96354.48,287872.806
301202.SZ,20240930,34.05,37.48,32.58,37.07,31.37,5.7,18.1702,156249.77,542007.715
301202.SZ,20241008,44.0,44.01,37.46,40.94,37.07,3.87,10.4397,143457.24,580684.546
301202.SZ,20241009,38.03,39.5,33.63,33.63,40.94,-7.31,-17.8554,110590.45,401866.867
301202.SZ,20241010,33.94,35.19,32.51,32.91,33.63,-0.72,-2.1409,57793.97,193886.442
301202.SZ,20241011,32.6,33.2,30.53,30.97,32.91,-1.94,-5.8949,46986.24,148311.628
301202.SZ,20241014,30.97,32.96,30.56,32.94,30.97,1.97,6.361,43810.81,139740.486
301202.SZ,20241015,32.4,33.55,31.92,32.03,32.94,-0.91,-2.7626,42688.0,139929.641
301202.SZ,20241016,31.15,32.65,31.15,32.4,32.03,0.37,1.1552,30830.93,99268.878
301202.SZ,20241017,32.67,33.32,32.32,32.41,32.4,0.01,0.0309,34749.0,114139.802
301202.SZ,20241018,33.99,35.12,33.52,34.18,32.41,1.77,5.4613,69560.16,237945.462
301202.SZ,20241021,33.84,35.83,33.84,35.1,34.18,0.92,2.6916,67989.23,238032.575
301202.SZ,20241022,35.08,35.91,34.18,35.29,35.1,0.19,0.5413,59913.07,209870.532
301202.SZ,20241023,34.71,35.38,34.03,34.43,35.29,-0.86,-2.437,48706.06,169095.807
301202.SZ,20241024,34.1,35.09,33.89,34.65,34.43,0.22,0.639,33910.78,117136.712
301202.SZ,20241025,34.65,35.1,34.15,34.71,34.65,0.06,0.1732,36961.68,127894.079
301202.SZ,20241028,34.6,34.75,34.18,34.61,34.71,-0.1,-0.2881,28003.83,96615.828
301202.SZ,20241029,34.48,34.98,33.56,33.73,34.61,-0.88,-2.5426,36321.03,124532.102
301202.SZ,20241030,33.48,34.36,33.09,33.61,33.73,-0.12,-0.3558,28418.4,95947.259
301202.SZ,20241031,33.65,33.86,32.91,33.2,33.61,-0.41,-1.2199,39310.57,130728.289
301202.SZ,20241101,32.88,33.0,31.18,31.22,33.2,-1.98,-5.9639,35172.04,111840.092
301202.SZ,20241104,31.21,32.15,30.69,32.15,31.22,0.93,2.9789,22624.23,71999.101
301202.SZ,20241105,32.28,34.21,32.0,33.38,32.15,1.23,3.8258,37042.0,122793.253
301202.SZ,20241106,33.4,34.38,33.11,34.09,33.38,0.71,2.127,45682.91,155006.319
301202.SZ,20241107,33.94,34.76,33.66,34.44,34.09,0.35,1.0267,40004.3,137455.521
301202.SZ,20241108,34.96,35.69,34.66,34.95,34.44,0.51,1.4808,49439.51,174042.523
301202.SZ,20241111,34.57,35.97,34.5,35.85,34.95,0.9,2.5751,47496.06,169070.856
301202.SZ,20241112,35.9,36.08,34.52,35.07,35.85,-0.78,-2.1757,44264.74,156872.656
301202.SZ,20241113,35.11,35.58,34.22,35.54,35.07,0.47,1.3402,35542.68,124365.697
301202.SZ,20241114,35.64,36.19,34.6,34.87,35.54,-0.67,-1.8852,40702.41,144658.84
301202.SZ,20241115,35.06,36.49,34.58,35.0,34.87,0.13,0.3728,61546.09,218480.756
301202.SZ,20241118,36.5,40.06,35.0,37.15,35.0,2.15,6.1429,124083.41,463369.329
301202.SZ,20241119,35.51,36.94,31.0,36.05,37.15,-1.1,-2.961,87855.92,303747.575
301202.SZ,20241120,39.05,40.68,36.57,37.96,36.05,1.91,5.2982,115318.99,437856.866
301202.SZ,20241121,36.61,38.0,36.38,37.65,37.96,-0.31,-0.8166,84340.71,313819.643
301202.SZ,20241122,36.99,38.78,34.08,34.09,37.65,-3.56,-9.4555,78951.62,287879.445
301202.SZ,20241125,34.51,34.74,32.66,33.78,34.09,-0.31,-0.9094,53074.19,177455.499
301202.SZ,20241126,33.45,34.27,32.66,32.72,33.78,-1.06,-3.138,36600.34,121834.897
301202.SZ,20241127,33.32,34.66,32.71,34.3,32.72,1.58,4.8289,46620.04,156695.501
301202.SZ,20241128,33.86,34.55,33.39,33.55,34.3,-0.75,-2.1866,41958.65,142549.417
301202.SZ,20241129,33.5,34.09,32.73,33.62,33.55,0.07,0.2086,35204.77,117765.234
301202.SZ,20241202,33.35,34.3,33.33,34.16,33.62,0.54,1.6062,28094.73,95573.392
301202.SZ,20241203,34.46,35.8,34.18,34.82,34.16,0.66,1.9321,46095.59,161001.216
301202.SZ,20241204,34.95,35.8,34.22,34.57,34.82,-0.25,-0.718,43277.7,152345.401
301202.SZ,20241205,34.35,35.3,34.27,35.09,34.57,0.52,1.5042,34706.87,120741.581
301202.SZ,20241206,35.1,35.3,34.3,34.64,35.09,-0.45,-1.2824,31890.0,110689.104
301202.SZ,20241209,34.61,34.84,34.17,34.73,34.64,0.09,0.2598,21081.0,72895.93
301202.SZ,20241210,35.5,35.79,34.71,34.81,34.73,0.08,0.2303,36132.0,127523.539
301202.SZ,20241211,34.43,35.05,34.23,34.98,34.81,0.17,0.4884,27842.04,96644.891
301202.SZ,20241212,34.98,35.51,34.48,35.07,34.98,0.09,0.2573,26524.64,92800.743
301202.SZ,20241213,35.05,35.73,34.8,35.27,35.07,0.2,0.5703,41570.94,146965.38
301202.SZ,20241216,35.27,36.42,34.51,36.42,35.27,1.15,3.2606,69930.97,250627.037
301202.SZ,20241217,36.36,36.38,33.2,33.71,36.42,-2.71,-7.441,54022.7,187280.798
301202.SZ,20241218,33.39,34.58,32.42,33.89,33.71,0.18,0.534,34663.16,116499.154
301202.SZ,20241219,33.31,36.8,33.23,36.15,33.89,2.26,6.6686,82506.34,293060.219
301202.SZ,20241220,35.7,37.25,35.23,36.8,36.15,0.65,1.7981,89789.93,329755.104
301202.SZ,20241223,36.61,37.19,34.85,35.38,36.8,-1.42,-3.8587,53778.4,193210.676
301202.SZ,20241224,35.35,38.01,34.95,38.01,35.38,2.63,7.4336,111835.11,414757.294
301202.SZ,20241225,37.48,38.98,36.39,37.6,38.01,-0.41,-1.0787,93482.1,350590.227
301202.SZ,20241226,37.44,40.63,36.85,39.88,37.6,2.28,6.0638,131476.55,516840.359
301202.SZ,20241227,39.34,39.48,38.03,38.53,39.88,-1.35,-3.3852,85771.49,332279.858
301202.SZ,20241230,38.62,40.86,38.62,38.91,38.53,0.38,0.9862,113967.64,453275.249
301202.SZ,20241231,38.7,46.69,38.7,46.69,38.91,7.78,19.9949,246592.81,1115952.923
301202.SZ,20250102,46.5,46.66,42.4,42.64,46.69,-4.05,-8.6742,215371.66,954538.488
301202.SZ,20250103,42.75,43.36,35.8,36.43,42.64,-6.21,-14.5638,172463.57,671461.479
301202.SZ,20250106,34.82,35.34,33.43,34.28,36.43,-2.15,-5.9017,111211.45,380982.213
301202.SZ,20250107,34.2,35.75,33.76,35.67,34.28,1.39,4.0548,113603.23,396173.335
301202.SZ,20250108,35.0,35.7,32.91,34.77,35.67,-0.9,-2.5231,106213.22,366019.625
301202.SZ,20250109,34.77,37.1,34.59,35.61,34.77,0.84,2.4159,110686.75,396961.649
301202.SZ,20250110,35.0,35.69,32.66,32.82,35.61,-2.79,-7.8349,92125.33,315302.782
301202.SZ,20250113,32.22,32.8,31.22,32.0,32.82,-0.82,-2.4985,53733.94,171648.436
301202.SZ,20250114,32.73,34.49,32.33,34.47,32.0,2.47,7.7188,79903.55,268864.115
301202.SZ,20250115,34.47,35.9,34.16,34.78,34.47,0.31,0.8993,84918.6,296537.473
301202.SZ,20250116,34.93,35.52,33.9,34.19,34.78,-0.59,-1.6964,75529.0,261270.494
301202.SZ,20250117,33.9,34.16,33.05,33.66,34.19,-0.53,-1.5502,53178.0,178720.343
301202.SZ,20250120,33.9,35.3,33.61,34.9,33.66,1.24,3.6839,69202.43,240152.245
301202.SZ,20250121,35.0,35.62,34.7,35.53,34.9,0.63,1.8052,61624.98,216807.061
301202.SZ,20250122,38.0,41.89,37.22,38.32,35.53,2.79,7.8525,187075.6,736190.834
301202.SZ,20250123,40.14,41.8,38.63,38.68,38.32,0.36,0.9395,176149.1,706780.923
301202.SZ,20250124,38.31,41.28,38.31,40.11,38.68,1.43,3.697,136104.76,544643.184
301202.SZ,20250127,39.28,39.73,37.2,37.69,40.11,-2.42,-6.0334,101468.0,387521.554
301202.SZ,20250205,36.9,38.09,36.0,37.81,37.69,0.12,0.3184,95683.81,356590.842
301202.SZ,20250206,37.61,38.55,37.31,38.42,37.81,0.61,1.6133,97504.98,370738.161
301202.SZ,20250207,38.91,40.31,38.85,39.77,38.42,1.35,3.5138,145675.14,577696.282
301202.SZ,20250210,39.13,40.3,38.77,39.61,39.77,-0.16,-0.4023,91401.07,360981.627
301202.SZ,20250211,39.21,41.08,38.72,40.96,39.61,1.35,3.4082,117641.49,472658.044
301202.SZ,20250212,41.8,43.2,40.0,40.72,40.96,-0.24,-0.5859,135872.04,567619.567
301202.SZ,20250213,40.57,42.2,39.81,41.99,40.72,1.27,3.1189,123508.93,508463.228
301202.SZ,20250214,41.0,41.07,39.32,40.39,41.99,-1.6,-3.8104,94369.81,380704.782
301202.SZ,20250217,42.18,43.39,41.35,42.14,40.39,1.75,4.3328,123586.56,522299.437
301202.SZ,20250218,41.45,42.97,40.89,41.01,42.14,-1.13,-2.6815,100896.44,422196.303
301202.SZ,20250219,40.79,42.0,40.5,41.05,41.01,0.04,0.0975,87814.5,360038.876
301202.SZ,20250220,40.61,41.2,39.46,40.85,41.05,-0.2,-0.4872,81789.94,330470.413
301202.SZ,20250221,43.5,49.02,43.5,49.02,40.85,8.17,20.0,103262.51,489815.738
301202.SZ,20250224,51.25,58.82,50.16,58.1,49.02,9.08,18.5231,236236.44,1298787.467
301202.SZ,20250225,52.91,55.7,52.2,54.52,58.1,-3.58,-6.1618,151388.9,815327.862
301202.SZ,20250226,53.5,57.04,52.0,56.32,54.52,1.8,3.3015,136686.05,745115.085
301202.SZ,20250227,55.0,57.06,52.09,53.85,56.32,-2.47,-4.3857,107673.94,588126.175
301202.SZ,20250228,51.93,52.55,47.34,47.71,53.85,-6.14,-11.402,104487.88,517943.457
301202.SZ,20250303,47.8,48.47,45.52,46.09,47.71,-1.62,-3.3955,67509.93,314296.911
301202.SZ,20250304,45.09,47.75,45.09,47.35,46.09,1.26,2.7338,49640.93,232551.921
301202.SZ,20250305,47.78,48.5,46.6,48.22,47.35,0.87,1.8374,61718.0,295196.529
301202.SZ,20250306,50.0,50.98,49.3,50.5,48.22,2.28,4.7283,79281.63,399115.525
301202.SZ,20250307,50.34,50.43,47.93,48.5,50.5,-2.0,-3.9604,67585.65,330557.351
301202.SZ,20250310,47.89,50.2,47.5,49.51,48.5,1.01,2.0825,53416.0,261935.33
301202.SZ,20250311,48.48,50.01,48.03,50.0,49.51,0.49,0.9897,46351.51,226029.176
301202.SZ,20250312,51.31,52.77,50.05,50.5,50.0,0.5,1.0,96048.49,494870.366
301202.SZ,20250313,50.07,51.18,47.5,48.5,50.5,-2.0,-3.9604,67436.0,332317.066
301202.SZ,20250314,48.17,49.54,46.9,49.13,48.5,0.63,1.299,50174.6,242016.131
301202.SZ,20250317,48.92,51.0,47.78,50.65,49.13,1.52,3.0938,58383.0,291223.026
301202.SZ,20250318,50.39,51.87,50.26,51.06,50.65,0.41,0.8095,51475.0,262362.684
301202.SZ,20250319,50.84,52.58,48.5,50.78,51.06,-0.28,-0.5484,68839.3,346834.657
301202.SZ,20250320,50.0,51.49,48.79,49.6,50.78,-1.18,-2.3237,47443.0,237417.366
301202.SZ,20250321,49.0,49.31,46.9,46.9,49.6,-2.7,-5.4435,40073.0,191479.161
301202.SZ,20250324,46.9,47.6,44.2,45.84,46.9,-1.06,-2.2601,37568.0,171854.632
301202.SZ,20250325,45.82,46.28,43.95,44.09,45.84,-1.75,-3.8176,28768.76,128839.428
301202.SZ,20250326,44.2,44.97,44.0,44.5,44.09,0.41,0.9299,19973.0,88939.509
301202.SZ,20250327,44.22,44.85,43.61,44.15,44.5,-0.35,-0.7865,16924.0,74965.928
301202.SZ,20250328,44.88,45.61,43.63,43.7,44.15,-0.45,-1.0193,26427.0,117495.173
301202.SZ,20250331,43.5,44.83,42.6,43.5,43.7,-0.2,-0.4577,38420.6,167614.727
301202.SZ,20250401,43.8,44.2,43.12,43.42,43.5,-0.08,-0.1839,22560.0,98406.426
301202.SZ,20250402,43.41,44.38,43.17,43.74,43.42,0.32,0.737,20339.0,89314.353
301202.SZ,20250403,42.97,43.67,41.71,42.0,43.74,-1.74,-3.9781,26680.54,113631.538
301202.SZ,20250407,37.0,39.0,33.6,33.6,42.0,-8.4,-20.0,36636.94,130660.876
301202.SZ,20250408,34.0,35.66,32.56,34.15,33.6,0.55,1.6369,41270.0,141411.245
301202.SZ,20250409,33.5,35.47,30.75,35.2,34.15,1.05,3.0747,40500.0,136050.543
301202.SZ,20250410,37.05,37.88,36.51,36.6,35.2,1.4,3.9773,37037.6,137756.769
301202.SZ,20250411,36.02,37.69,36.02,37.16,36.6,0.56,1.5301,25768.0,95516.014
301202.SZ,20250414,37.98,38.68,37.57,37.89,37.16,0.73,1.9645,26311.0,99961.846
301202.SZ,20250415,37.88,38.2,37.37,37.79,37.89,-0.1,-0.2639,18676.0,70474.848
301202.SZ,20250416,37.59,37.93,35.88,36.75,37.79,-1.04,-2.7521,21300.0,78461.022
301202.SZ,20250417,36.58,37.28,36.28,36.56,36.75,-0.19,-0.517,14679.0,54284.278
301202.SZ,20250418,36.55,39.87,36.2,37.52,36.56,0.96,2.6258,42304.05,160077.695
301202.SZ,20250421,37.68,38.74,37.45,38.6,37.52,1.08,2.8785,39659.44,151567.965
301202.SZ,20250422,38.47,38.7,38.1,38.26,38.6,-0.34,-0.8808,26176.0,100367.245
301202.SZ,20250423,39.0,40.29,38.44,39.77,38.26,1.51,3.9467,37113.78,146079.548
301202.SZ,20250424,39.42,40.81,39.06,39.97,39.77,0.2,0.5029,39037.0,155651.374
301202.SZ,20250425,39.42,40.29,39.0,39.5,39.97,-0.47,-1.1759,35931.0,142427.971
301202.SZ,20250428,39.43,39.94,38.82,38.84,39.5,-0.66,-1.6709,26359.55,103760.876
301202.SZ,20250429,38.5,40.2,38.44,39.78,38.84,0.94,2.4202,34291.0,136217.29
301202.SZ,20250430,40.03,40.87,39.51,40.54,39.78,0.76,1.9105,27717.0,112133.706
301202.SZ,20250506,42.2,42.25,40.96,41.99,40.54,1.45,3.5767,35720.55,149129.328
301202.SZ,20250507,42.57,42.87,41.14,41.58,41.99,-0.41,-0.9764,30357.0,127168.7
301202.SZ,20250508,41.47,42.5,41.46,42.17,41.58,0.59,1.419,22988.0,96903.558
301202.SZ,20250509,41.95,42.18,40.84,41.03,42.17,-1.14,-2.7033,19473.0,80286.859
301202.SZ,20250512,41.5,41.82,41.29,41.72,41.03,0.69,1.6817,16729.95,69491.589
301202.SZ,20250513,42.28,42.42,41.02,41.06,41.72,-0.66,-1.582,18793.0,78119.285
301202.SZ,20250514,41.44,44.53,41.34,42.5,41.06,1.44,3.5071,54525.12,234139.11
301202.SZ,20250515,42.39,42.5,40.5,40.92,42.5,-1.58,-3.7176,40932.0,167701.043
301202.SZ,20250516,41.0,43.35,40.7,43.01,40.92,2.09,5.1075,51870.0,218147.784
301202.SZ,20250519,42.82,42.82,41.08,41.81,43.01,-1.2,-2.79,40703.12,169119.944
301202.SZ,20250520,41.33,44.44,41.01,43.32,41.81,1.51,3.6116,62457.73,267255.789
301202.SZ,20250521,42.6,43.96,41.71,43.78,43.32,0.46,1.0619,52667.21,226146.515
301202.SZ,20250522,43.28,45.64,42.96,45.49,43.78,1.71,3.9059,79422.46,355136.123
301202.SZ,20250523,44.6,47.47,43.52,44.14,45.49,-1.35,-2.9677,80934.57,368704.393
301202.SZ,20250526,42.92,43.77,42.5,43.48,44.14,-0.66,-1.4952,35164.7,151960.427
301202.SZ,20250527,43.18,43.26,40.88,40.95,43.18,-2.23,-5.1644,46269.22,192740.836
301202.SZ,20250528,41.0,41.21,40.4,40.67,40.95,-0.28,-0.6838,22530.0,91913.666
301202.SZ,20250529,40.62,41.25,40.59,40.9,40.67,0.23,0.5655,25921.41,106113.16
301202.SZ,20250530,40.69,40.69,38.51,38.93,40.9,-1.97,-4.8166,35817.59,140673.14
301202.SZ,20250603,38.41,39.5,38.41,38.98,38.93,0.05,0.1284,16332.41,63964.151
301202.SZ,20250604,39.18,39.82,39.05,39.16,38.98,0.18,0.4618,18169.0,71569.629
301202.SZ,20250605,39.08,40.5,38.82,40.15,39.16,0.99,2.5281,24847.4,98790.896
301202.SZ,20250606,40.01,40.45,39.65,40.15,40.15,0.0,0.0,19103.0,76386.006
301202.SZ,20250609,40.2,40.52,40.01,40.45,40.15,0.3,0.7472,19207.94,77369.468
301202.SZ,20250610,40.6,40.68,38.77,39.3,40.45,-1.15,-2.843,22804.65,90134.579
301202.SZ,20250611,39.1,39.95,39.04,39.24,39.3,-0.06,-0.1527,15404.59,60971.502
301202.SZ,20250612,39.49,39.68,38.8,38.96,39.24,-0.28,-0.7136,14962.0,58703.127
301202.SZ,20250613,38.72,38.95,37.57,37.61,38.96,-1.35,-3.4651,20262.0,77099.459
301202.SZ,20250616,37.5,38.68,37.5,38.27,37.61,0.66,1.7549,15282.64,58608.052
301202.SZ,20250617,38.52,38.65,37.76,38.12,38.27,-0.15,-0.392,13151.85,50078.108
301202.SZ,20250618,38.1,38.6,37.61,38.44,38.12,0.32,0.8395,15870.0,60509.217
301202.SZ,20250619,38.35,38.95,37.8,37.9,38.44,-0.54,-1.4048,18523.0,71203.471
301202.SZ,20250620,37.78,38.38,37.4,37.4,37.9,-0.5,-1.3193,11843.19,44631.233
301202.SZ,20250623,37.34,38.46,36.5,38.35,37.4,0.95,2.5401,17284.0,65650.707
301202.SZ,20250624,38.5,39.55,38.5,39.46,38.35,1.11,2.8944,20211.0,79275.918
301202.SZ,20250625,39.7,40.07,39.34,40.02,39.46,0.56,1.4192,22377.0,89074.379
301202.SZ,20250626,40.96,40.98,39.89,40.01,40.02,-0.01,-0.025,22823.0,91977.704
301202.SZ,20250627,40.0,40.76,39.73,40.35,40.01,0.34,0.8498,21782.0,87875.22
301202.SZ,20250630,40.65,41.3,40.35,41.1,40.35,0.75,1.8587,21870.0,89713.353
301202.SZ,20250701,41.06,41.2,40.18,40.94,41.1,-0.16,-0.3893,19820.43,80606.818
301202.SZ,20250702,40.91,40.91,39.93,40.16,40.94,-0.78,-1.9052,14901.0,60014.905
301202.SZ,20250703,40.8,40.8,40.1,40.58,40.16,0.42,1.0458,12854.0,51907.855
301202.SZ,20250704,40.5,42.18,40.36,41.36,40.58,0.78,1.9221,48927.81,203286.519
301202.SZ,20250707,41.65,43.5,41.51,41.95,41.36,0.59,1.4265,42444.99,179405.411
301202.SZ,20250708,41.9,43.05,41.55,42.83,41.95,0.88,2.0977,37674.43,160313.922
301202.SZ,20250709,42.8,43.27,42.2,42.28,42.83,-0.55,-1.2841,31910.2,136240.285
301202.SZ,20250710,42.22,42.81,41.35,42.35,42.28,0.07,0.1656,27495.0,115771.907
301202.SZ,20250711,42.26,42.27,41.2,41.75,42.35,-0.6,-1.4168,25317.63,105450.705
301202.SZ,20250714,41.7,42.99,41.6,42.73,41.75,0.98,2.3473,30168.6,128274.255
301202.SZ,20250715,42.5,44.18,42.5,43.45,42.73,0.72,1.685,50633.6,219721.971
301202.SZ,20250716,43.2,44.08,42.87,42.97,43.45,-0.48,-1.1047,41370.59,179800.512
301202.SZ,20250717,42.54,44.5,42.5,43.9,42.97,0.93,2.1643,38062.6,165925.573
301202.SZ,20250718,43.78,44.65,43.58,43.7,43.9,-0.2,-0.4556,30494.0,133934.405
301202.SZ,20250721,43.68,44.2,43.31,43.95,43.7,0.25,0.5721,24915.0,108770.954
301202.SZ,20250722,43.81,44.2,43.08,43.15,43.95,-0.8,-1.8203,23473.32,102125.132
301202.SZ,20250723,42.98,43.79,42.6,43.14,43.15,-0.01,-0.0232,24049.99,103488.606
301202.SZ,20250724,43.14,43.5,42.63,42.87,43.14,-0.27,-0.6259,19177.87,82371.992
301202.SZ,20250725,42.7,43.07,42.6,43.0,42.87,0.13,0.3032,16713.09,71632.328
301202.SZ,20250728,43.05,44.0,42.86,43.98,43.0,0.98,2.2791,29765.29,129462.401
301202.SZ,20250729,43.63,45.5,43.18,44.25,43.98,0.27,0.6139,59401.0,263452.52
301202.SZ,20250730,43.84,45.62,43.68,44.86,44.25,0.61,1.3785,74257.13,333436.582
301202.SZ,20250731,45.44,46.88,44.22,44.68,44.86,-0.18,-0.4012,108686.12,499596.59
301202.SZ,20250801,44.69,46.06,43.88,45.39,44.68,0.71,1.5891,74486.05,335423.508
301202.SZ,20250804,44.32,46.2,44.02,46.09,45.39,0.7,1.5422,51707.18,234500.379
301202.SZ,20250805,46.35,46.81,45.62,46.48,46.09,0.39,0.8462,57199.94,264443.86
301202.SZ,20250806,46.01,48.3,46.0,46.8,46.48,0.32,0.6885,62471.21,294466.826
301202.SZ,20250807,46.35,47.22,45.53,45.86,46.8,-0.94,-2.0085,45979.26,212694.347
301202.SZ,20250808,45.64,48.19,45.64,47.28,45.86,1.42,3.0964,81474.3,383851.937
301202.SZ,20250811,46.77,47.79,46.68,47.79,47.28,0.51,1.0787,54258.0,256524.493
301202.SZ,20250812,48.28,54.77,47.7,50.69,47.79,2.9,6.0682,135809.26,686373.918
301202.SZ,20250813,50.68,51.89,49.47,51.89,50.69,1.2,2.3673,106842.81,541245.947
301202.SZ,20250814,51.0,51.4,49.0,49.29,51.89,-2.6,-5.0106,79859.06,399579.752
301202.SZ,20250815,48.99,51.43,48.7,51.01,49.29,1.72,3.4896,77275.82,391091.379
301202.SZ,20250818,51.52,54.7,51.14,52.43,51.01,1.42,2.7838,103137.59,544902.64
301202.SZ,20250819,51.92,53.34,50.9,51.96,52.43,-0.47,-0.8964,78164.2,407068.642
301202.SZ,20250820,50.79,52.69,49.88,52.54,51.96,0.58,1.1162,61369.64,316303.742
301202.SZ,20250821,52.89,53.1,49.82,50.39,52.54,-2.15,-4.0921,59116.41,301430.946
301202.SZ,20250822,49.96,51.95,49.75,51.08,50.39,0.69,1.3693,52425.63,264898.591
301202.SZ,20250825,51.28,56.5,50.57,54.3,51.08,3.22,6.3038,109753.91,592269.885
301202.SZ,20250826,54.11,55.35,53.07,53.97,54.3,-0.33,-0.6077,66430.99,360042.482
301202.SZ,20250827,53.5,55.58,52.48,52.54,53.97,-1.43,-2.6496,74959.11,405651.544
301202.SZ,20250828,52.45,53.27,50.7,53.05,52.54,0.51,0.9707,66093.0,343920.847
301202.SZ,20250829,51.52,51.66,48.01,49.48,53.05,-3.57,-6.7295,79126.34,392661.615
301202.SZ,20250901,50.0,50.88,48.33,48.54,49.48,-0.94,-1.8998,50405.67,247705.517
301202.SZ,20250902,48.06,48.54,44.76,45.8,48.54,-2.74,-5.6448,58101.29,268332.766
301202.SZ,20250903,45.78,46.18,43.88,43.91,45.8,-1.89,-4.1266,37449.01,168484.891
301202.SZ,20250904,44.33,44.93,42.17,43.01,43.91,-0.9,-2.0496,33539.26,146546.52
301202.SZ,20250905,43.23,44.8,42.82,44.72,43.01,1.71,3.9758,31097.0,136579.551
301202.SZ,20250908,44.63,44.82,43.82,44.63,44.72,-0.09,-0.2013,26352.22,116864.689
301202.SZ,20250909,44.5,44.63,43.12,43.25,44.63,-1.38,-3.0921,20215.38,88515.942
301202.SZ,20250910,43.27,44.41,43.23,43.33,43.25,0.08,0.185,20804.5,90853.706
301202.SZ,20250911,43.97,45.35,43.12,45.13,43.33,1.8,4.1542,40598.25,181091.986
301202.SZ,20250912,45.17,46.75,44.56,45.59,45.13,0.46,1.0193,39793.2,182311.509
301202.SZ,20250915,45.17,45.58,44.63,44.84,45.59,-0.75,-1.6451,26449.11,118907.115
301202.SZ,20250916,44.83,46.5,44.73,46.48,44.84,1.64,3.6574,36867.6,169446.254
301202.SZ,20250917,46.0,47.81,45.93,46.98,46.48,0.5,1.0757,39996.38,188195.194
301202.SZ,20250918,46.52,49.88,46.48,47.48,46.98,0.5,1.0643,74089.59,356695.604
301202.SZ,20250919,47.36,47.68,45.85,46.44,47.48,-1.04,-2.1904,37290.0,174108.273
301202.SZ,20250922,46.06,47.04,45.82,46.55,46.44,0.11,0.2369,26179.02,121607.442
301202.SZ,20250923,46.66,47.31,44.38,45.93,46.55,-0.62,-1.3319,34149.71,155784.768
301202.SZ,20250924,45.32,46.36,44.5,46.22,45.93,0.29,0.6314,23850.8,109090.901
301202.SZ,20250925,46.66,49.4,46.5,47.85,46.22,1.63,3.5266,58344.31,279932.78
301202.SZ,20250926,47.3,47.88,45.61,45.61,47.85,-2.24,-4.6813,33321.11,154736.249
301202.SZ,20250929,45.5,46.39,45.2,45.94,45.61,0.33,0.7235,19460.7,89187.4
301202.SZ,20250930,46.25,46.9,45.15,45.17,45.94,-0.77,-1.6761,24612.94,112715.452
301202.SZ,20251009,45.47,45.74,44.13,44.4,45.17,-0.77,-1.7047,30267.01,135974.217
301202.SZ,20251010,44.37,44.71,43.6,44.02,44.4,-0.38,-0.8559,20998.03,92649.55
301202.SZ,20251013,42.5,43.41,41.02,43.15,44.02,-0.87,-1.9764,21285.85,90701.565
301202.SZ,20251014,43.31,43.97,41.73,41.96,43.15,-1.19,-2.7578,20959.0,89596.174
301202.SZ,20251015,42.06,42.53,41.41,42.25,41.96,0.29,0.6911,13055.99,54795.479
301202.SZ,20251016,42.25,43.88,41.47,41.83,41.95,-0.12,-0.2861,24608.01,104027.318
301202.SZ,20251017,41.78,42.05,39.69,39.69,41.83,-2.14,-5.1159,24362.0,98913.844
301202.SZ,20251020,40.22,41.49,40.22,41.28,39.69,1.59,4.006,19850.99,81472.063
301202.SZ,20251021,41.18,41.7,40.9,41.66,41.28,0.38,0.9205,14072.02,58308.199
301202.SZ,20251022,41.3,42.74,41.18,41.95,41.66,0.29,0.6961,17175.98,72445.405
301202.SZ,20251023,41.85,41.95,41.1,41.87,41.95,-0.08,-0.1907,10343.0,42795.671
301202.SZ,20251024,41.94,42.8,41.94,42.64,41.87,0.77,1.839,14812.25,62859.872
301202.SZ,20251027,43.0,43.4,42.25,42.91,42.64,0.27,0.6332,13174.36,56258.726
301202.SZ,20251028,42.77,43.04,42.26,42.67,42.91,-0.24,-0.5593,10975.6,46890.386
301202.SZ,20251029,42.43,42.68,41.76,41.83,42.67,-0.84,-1.9686,14922.0,62740.476
301202.SZ,20251030,42.01,42.17,41.15,41.19,41.83,-0.64,-1.53,13014.0,53983.36
301202.SZ,20251031,40.91,41.78,40.91,41.5,41.19,0.31,0.7526,11345.25,47053.382
301202.SZ,20251103,41.76,41.76,40.94,41.65,41.5,0.15,0.3614,9839.0,40670.203
301202.SZ,20251104,41.68,41.68,40.66,40.88,41.65,-0.77,-1.8487,12469.98,51142.358
301202.SZ,20251105,40.5,41.46,40.22,41.25,40.88,0.37,0.9051,9288.0,38097.888
301202.SZ,20251106,41.25,41.6,40.95,41.42,41.25,0.17,0.4121,10747.81,44436.05
301202.SZ,20251107,41.42,43.19,41.16,42.25,41.42,0.83,2.0039,22534.39,95051.755
301202.SZ,20251110,42.26,42.61,41.26,41.5,42.25,-0.75,-1.7751,16006.5,66640.224
301202.SZ,20251111,41.51,42.05,41.3,41.9,41.5,0.4,0.9639,12395.0,51685.268
301202.SZ,20251112,41.8,42.48,40.75,41.06,41.9,-0.84,-2.0048,14402.37,59739.793
301202.SZ,20251113,41.06,42.3,40.8,41.88,41.06,0.82,1.9971,15972.06,66590.652
301202.SZ,20251114,41.49,42.25,41.22,41.46,41.88,-0.42,-1.0029,10675.0,44516.945
301202.SZ,20251117,41.9,41.93,41.08,41.24,41.46,-0.22,-0.5306,10142.0,42071.408
301202.SZ,20251118,41.24,41.48,40.88,41.02,41.24,-0.22,-0.5335,10546.0,43429.094
301202.SZ,20251119,41.29,41.3,39.75,39.88,41.02,-1.14,-2.7791,12430.0,49982.085
301202.SZ,20251120,40.06,40.65,39.3,39.46,39.88,-0.42,-1.0532,8937.0,35482.578
301202.SZ,20251121,39.23,39.58,37.7,37.78,39.46,-1.68,-4.2575,16597.0,63648.766
301202.SZ,20251124,37.99,38.95,37.99,38.82,37.78,1.04,2.7528,11099.0,42771.658
301202.SZ,20251125,38.88,39.95,38.86,39.21,38.82,0.39,1.0046,10291.0,40646.146
301202.SZ,20251126,39.8,39.9,38.89,38.91,39.21,-0.3,-0.7651,9485.21,37354.947
301202.SZ,20251127,38.7,39.65,38.01,39.11,38.91,0.2,0.514,8192.0,32167.034
301202.SZ,20251128,39.0,39.6,38.76,39.18,39.11,0.07,0.179,7428.0,29016.33
301202.SZ,20251201,39.18,40.0,39.05,39.75,39.18,0.57,1.4548,8387.0,33253.698
301202.SZ,20251202,39.75,39.82,38.96,39.21,39.75,-0.54,-1.3585,7855.0,30899.669
301202.SZ,20251203,39.01,39.75,38.64,38.88,39.21,-0.33,-0.8416,9451.0,36856.873
301202.SZ,20251204,38.76,38.98,38.12,38.47,38.88,-0.41,-1.0545,5980.0,23015.841
301202.SZ,20251205,38.46,39.05,38.17,38.95,38.47,0.48,1.2477,6073.0,23524.771
301202.SZ,20251208,38.98,39.7,38.98,39.55,38.95,0.6,1.5404,8709.21,34418.203
301202.SZ,20251209,39.55,40.39,39.0,39.62,39.55,0.07,0.177,10513.0,41980.877
301202.SZ,20251210,39.26,39.8,38.75,39.09,39.62,-0.53,-1.3377,7991.31,31238.801
301202.SZ,20251211,39.09,39.54,38.5,38.5,39.09,-0.59,-1.5093,8939.0,34725.597
301202.SZ,20251212,38.51,39.14,38.28,38.64,38.5,0.14,0.3636,6967.21,27015.087
301202.SZ,20251215,38.64,38.97,37.54,37.71,38.64,-0.93,-2.4068,9098.0,34664.998
301202.SZ,20251216,37.71,37.85,36.75,37.25,37.71,-0.46,-1.2198,10101.36,37452.189
301202.SZ,20251217,37.21,38.58,37.01,38.45,37.25,1.2,3.2215,16320.05,61883.327
301202.SZ,20251218,37.94,39.1,37.94,38.5,38.45,0.05,0.13,11956.57,46312.586
301202.SZ,20251219,38.53,39.18,38.53,38.67,38.5,0.17,0.4416,8590.99,33387.656
301202.SZ,20251222,38.86,41.6,38.67,40.79,38.67,2.12,5.4823,33342.0,134740.76
301202.SZ,20251223,40.51,41.95,40.41,41.4,40.79,0.61,1.4955,36687.0,151447.402
301202.SZ,20251224,42.28,42.79,41.2,41.64,41.4,0.24,0.5797,36856.0,154872.58
301202.SZ,20251225,41.56,42.99,41.2,42.17,41.64,0.53,1.2728,31556.0,133907.738
301202.SZ,20251226,41.93,42.47,40.79,41.13,42.17,-1.04,-2.4662,22537.0,93146.028
301202.SZ,20251229,41.39,41.45,40.48,40.67,41.13,-0.46,-1.1184,14448.0,59030.861
301202.SZ,20251230,40.72,41.88,40.4,41.33,40.67,0.66,1.6228,19835.8,82091.649
301202.SZ,20251231,41.31,41.33,40.21,40.4,41.33,-0.93,-2.2502,16864.0,68500.351
301202.SZ,20260105,40.39,40.95,40.1,40.7,40.4,0.3,0.7426,11730.0,47639.493
301202.SZ,20260106,40.69,41.38,40.3,40.92,40.7,0.22,0.5405,18907.0,77012.309
301202.SZ,20260107,40.91,41.47,40.5,41.05,40.92,0.13,0.3177,18921.0,77757.123
301202.SZ,20260108,41.07,41.44,40.82,41.26,41.05,0.21,0.5116,15231.91,62814.877
301202.SZ,20260109,41.24,41.97,41.01,41.89,41.26,0.63,1.5269,20425.91,85035.646
301202.SZ,20260112,42.73,43.46,42.1,43.34,41.89,1.45,3.4614,33506.78,143774.683
301202.SZ,20260113,43.34,44.48,42.25,42.69,43.34,-0.65,-1.4998,36432.68,158156.91
301202.SZ,20260114,42.61,44.11,42.51,43.12,42.69,0.43,1.0073,37726.0,163081.756
301202.SZ,20260115,42.04,42.98,41.99,42.5,43.12,-0.62,-1.4378,24597.8,104426.414
301202.SZ,20260116,42.51,42.88,41.94,42.8,42.5,0.3,0.7059,20063.0,85185.33
301202.SZ,20260119,42.36,44.44,42.23,43.95,42.8,1.15,2.6869,34924.02,152590.138
301202.SZ,20260120,44.01,44.38,42.33,42.66,43.95,-1.29,-2.9352,25231.0,108972.647
301202.SZ,20260121,42.31,43.44,42.24,43.0,42.66,0.34,0.797,12785.29,55047.427
301202.SZ,20260122,43.4,43.99,43.06,43.15,43.0,0.15,0.3488,16320.06,70968.352
301202.SZ,20260123,43.49,43.77,42.86,43.62,43.15,0.47,1.0892,16041.12,69570.107
301202.SZ,20260126,43.76,43.88,41.91,42.62,43.62,-1.0,-2.2925,18690.0,79827.097
301202.SZ,20260127,42.5,43.12,40.72,42.87,42.62,0.25,0.5866,18636.85,78144.911
301202.SZ,20260128,42.87,43.09,41.81,41.92,42.87,-0.95,-2.216,12926.96,54518.625
301202.SZ,20260129,42.66,43.29,41.04,41.21,41.92,-0.71,-1.6937,20454.44,86239.375
301202.SZ,20260130,40.8,42.5,40.8,42.09,41.21,0.88,2.1354,16239.28,67879.339
301202.SZ,20260202,42.0,42.8,41.38,41.38,42.09,-0.71,-1.6869,11071.51,46716.554
301202.SZ,20260203,41.66,42.6,41.58,42.6,41.38,1.22,2.9483,13464.0,56801.093
301202.SZ,20260204,42.6,42.6,40.96,41.45,42.6,-1.15,-2.6995,16399.11,68321.365
301202.SZ,20260205,41.44,41.68,40.77,40.8,41.45,-0.65,-1.5682,8886.0,36500.033
301202.SZ,20260206,40.68,41.58,40.31,40.96,40.8,0.16,0.3922,10198.0,41877.036
301202.SZ,20260209,41.56,42.8,41.18,42.48,40.96,1.52,3.7109,16214.0,68542.932
301202.SZ,20260210,42.85,44.39,42.48,42.62,42.48,0.14,0.3296,30635.06,133065.891
301202.SZ,20260211,42.5,43.85,42.18,43.58,42.62,0.96,2.2525,26220.05,113464.333
301202.SZ,20260212,46.76,47.07,43.85,44.47,43.58,0.89,2.0422,68010.44,304666.25
301202.SZ,20260213,43.77,46.5,43.22,44.94,44.47,0.47,1.0569,65749.62,297982.03
301202.SZ,20260224,45.4,45.47,42.86,43.75,44.94,-1.19,-2.648,35561.64,156445.949
301202.SZ,20260225,43.78,43.92,43.11,43.41,43.75,-0.34,-0.7771,25623.06,111165.975
301202.SZ,20260226,43.41,45.3,43.11,44.85,43.41,1.44,3.3172,41223.35,184284.39
301202.SZ,20260227,44.0,44.97,43.51,44.45,44.85,-0.4,-0.8919,28502.06,126133.085
