ts_code,trade_date,open,high,low,close,pre_close,change,pct_chg,vol,amount
301383.SZ,20230609,46.56,53.5,46.18,46.49,46.16,0.33,0.7149,176107.29,847301.592
301383.SZ,20230612,43.01,46.44,42.2,43.46,46.49,-3.03,-6.5175,107327.43,472983.336
301383.SZ,20230613,42.7,45.55,42.23,44.18,43.46,0.72,1.6567,95403.46,422240.884
301383.SZ,20230614,43.0,43.88,41.95,42.37,44.18,-1.81,-4.0969,86210.85,368326.103
301383.SZ,20230615,41.8,41.8,39.85,39.87,42.37,-2.5,-5.9004,80968.07,328168.557
301383.SZ,20230616,39.28,40.5,39.26,39.69,39.87,-0.18,-0.4515,52028.3,206708.846
301383.SZ,20230619,39.5,40.32,39.5,39.95,39.69,0.26,0.6551,41097.23,163889.132
301383.SZ,20230620,40.2,40.9,39.78,40.46,39.95,0.51,1.2766,52991.33,213891.508
301383.SZ,20230621,39.95,39.95,37.91,38.09,40.46,-2.37,-5.8576,49393.13,192671.959
301383.SZ,20230626,37.5,38.6,37.1,37.36,38.09,-0.73,-1.9165,23818.01,90130.734
301383.SZ,20230627,37.53,37.99,36.36,37.16,37.36,-0.2,-0.5353,28588.66,105990.544
301383.SZ,20230628,37.0,37.15,35.57,36.12,37.16,-1.04,-2.7987,28749.94,103826.703
301383.SZ,20230629,36.68,37.2,36.5,36.77,36.12,0.65,1.7996,26794.94,98845.457
301383.SZ,20230630,36.35,37.7,36.35,37.4,36.77,0.63,1.7134,27412.94,101867.651
301383.SZ,20230703,37.51,37.99,36.97,37.18,37.4,-0.22,-0.5882,20988.34,78254.992
301383.SZ,20230704,37.2,38.92,37.16,38.92,37.18,1.74,4.6799,39063.99,148750.022
301383.SZ,20230705,38.98,40.29,38.44,39.78,38.92,0.86,2.2097,61505.63,242846.805
301383.SZ,20230706,39.95,39.95,38.58,38.73,39.78,-1.05,-2.6395,34537.27,134435.41
301383.SZ,20230707,38.78,38.78,37.27,37.92,38.73,-0.81,-2.0914,25883.56,97778.688
301383.SZ,20230710,38.5,39.39,38.01,38.97,37.92,1.05,2.769,25894.36,100390.001
301383.SZ,20230711,38.52,39.15,38.45,38.93,38.97,-0.04,-0.1026,19525.38,75831.238
301383.SZ,20230712,38.7,38.9,38.23,38.29,38.93,-0.64,-1.644,16476.01,63560.363
301383.SZ,20230713,38.7,40.36,38.5,39.99,38.29,1.7,4.4398,42360.71,167756.217
301383.SZ,20230714,39.9,40.58,39.09,40.4,39.99,0.41,1.0253,45848.34,183197.347
301383.SZ,20230717,40.18,40.25,39.11,39.28,40.4,-1.12,-2.7723,27883.75,109945.567
301383.SZ,20230718,39.75,39.78,39.29,39.34,39.28,0.06,0.1527,14966.92,59106.531
301383.SZ,20230719,38.98,40.4,38.52,39.49,39.34,0.15,0.3813,30131.58,118295.858
301383.SZ,20230720,39.47,40.68,38.84,39.91,39.49,0.42,1.0636,41645.65,166622.844
301383.SZ,20230721,39.6,41.9,39.02,40.41,39.91,0.5,1.2528,47274.11,191778.439
301383.SZ,20230724,40.08,40.08,38.7,39.7,40.41,-0.71,-1.757,31059.36,122283.247
301383.SZ,20230725,39.75,40.18,39.33,39.99,39.7,0.29,0.7305,26312.92,104813.014
301383.SZ,20230726,39.9,39.91,37.0,38.1,39.99,-1.89,-4.7262,35416.15,137440.168
301383.SZ,20230727,39.33,39.58,38.48,38.51,38.1,0.41,1.0761,23525.54,91804.958
301383.SZ,20230728,37.95,38.5,36.97,38.11,38.51,-0.4,-1.0387,26278.88,98762.21
301383.SZ,20230731,37.86,38.47,37.82,38.11,38.11,0.0,0.0,17298.46,66006.977
301383.SZ,20230801,38.7,38.7,37.28,37.5,38.11,-0.61,-1.6006,19738.03,74302.224
301383.SZ,20230802,37.39,37.39,36.9,37.13,37.5,-0.37,-0.9867,14645.99,54302.328
301383.SZ,20230803,37.04,37.38,36.63,36.75,37.13,-0.38,-1.0234,16459.55,60842.177
301383.SZ,20230804,36.75,37.37,36.75,37.28,36.75,0.53,1.4422,13258.96,49214.318
301383.SZ,20230807,37.2,37.87,37.03,37.6,37.28,0.32,0.8584,14873.53,55684.215
301383.SZ,20230808,37.47,39.32,37.4,39.32,37.6,1.72,4.5745,39660.78,153031.585
301383.SZ,20230809,39.33,39.78,38.5,39.5,39.32,0.18,0.4578,39548.21,155045.949
301383.SZ,20230810,39.5,41.49,39.3,39.6,39.5,0.1,0.2532,56612.26,227853.471
301383.SZ,20230811,39.38,40.79,39.05,40.13,39.6,0.53,1.3384,49399.74,198602.446
301383.SZ,20230814,39.4,41.98,39.18,41.79,40.13,1.66,4.1366,54919.19,224497.264
301383.SZ,20230815,41.27,42.65,40.38,41.1,41.79,-0.69,-1.6511,54804.36,226729.867
301383.SZ,20230816,41.4,42.48,40.2,40.39,41.1,-0.71,-1.7275,45408.58,187066.39
301383.SZ,20230817,39.69,41.13,39.69,41.0,40.39,0.61,1.5103,35796.02,145429.811
301383.SZ,20230818,41.0,42.3,40.62,41.3,41.0,0.3,0.7317,47917.76,199939.994
301383.SZ,20230821,41.06,41.8,40.62,40.78,41.3,-0.52,-1.2591,25063.22,102882.072
301383.SZ,20230822,40.75,40.75,37.9,39.42,40.78,-1.36,-3.335,40608.63,158890.153
301383.SZ,20230823,39.39,39.89,38.1,38.3,39.42,-1.12,-2.8412,21022.18,81745.216
301383.SZ,20230824,38.13,39.8,37.3,39.37,38.3,1.07,2.7937,30531.46,118731.294
301383.SZ,20230825,39.0,39.18,35.8,36.33,39.37,-3.04,-7.7216,38488.35,143218.38
301383.SZ,20230828,39.05,39.28,36.69,37.19,36.33,0.86,2.3672,41281.99,158520.585
301383.SZ,20230829,36.9,40.75,36.9,40.5,37.19,3.31,8.9002,49746.14,196504.143
301383.SZ,20230830,40.22,42.44,40.22,41.85,40.5,1.35,3.3333,46589.01,193720.317
301383.SZ,20230831,41.41,42.21,41.27,41.6,41.85,-0.25,-0.5974,27067.12,112881.765
301383.SZ,20230901,41.36,41.92,41.01,41.51,41.6,-0.09,-0.2163,16662.85,69125.467
301383.SZ,20230904,41.5,41.92,40.3,41.2,41.51,-0.31,-0.7468,21544.0,88000.241
301383.SZ,20230905,41.47,41.95,40.65,41.48,41.2,0.28,0.6796,19559.73,80622.671
301383.SZ,20230906,40.89,41.4,40.5,41.21,41.48,-0.27,-0.6509,17505.6,71786.585
301383.SZ,20230907,41.2,41.2,38.8,38.86,41.21,-2.35,-5.7025,29535.83,116936.344
301383.SZ,20230908,38.5,39.43,38.43,38.98,38.86,0.12,0.3088,15976.13,62280.005
301383.SZ,20230911,39.55,39.92,39.0,39.39,38.98,0.41,1.0518,15004.83,59198.032
301383.SZ,20230912,39.19,39.74,38.6,38.81,39.39,-0.58,-1.4725,11238.42,43789.726
301383.SZ,20230913,38.65,38.76,37.46,37.8,38.81,-1.01,-2.6024,13538.11,51343.927
301383.SZ,20230914,38.01,38.25,37.12,37.42,37.8,-0.38,-1.0053,9965.72,37449.157
301383.SZ,20230915,37.56,37.75,36.87,37.22,37.42,-0.2,-0.5345,10422.22,38863.313
301383.SZ,20230918,37.15,38.76,36.81,38.02,37.22,0.8,2.1494,16060.15,61116.17
301383.SZ,20230919,38.0,38.01,36.81,36.94,38.02,-1.08,-2.8406,14718.16,54545.65
301383.SZ,20230920,36.82,37.45,36.82,36.91,36.94,-0.03,-0.0812,7881.0,29212.715
301383.SZ,20230921,36.83,37.19,36.55,36.83,36.91,-0.08,-0.2167,8637.78,31837.4
301383.SZ,20230922,37.23,37.84,36.17,37.7,36.83,0.87,2.3622,16949.29,63135.375
301383.SZ,20230925,37.61,37.97,37.38,37.8,37.7,0.1,0.2653,9790.77,36905.835
301383.SZ,20230926,37.51,37.85,37.18,37.34,37.8,-0.46,-1.2169,8475.05,31771.14
301383.SZ,20230927,37.18,37.98,37.1,37.51,37.34,0.17,0.4553,11091.22,41723.394
301383.SZ,20230928,37.59,39.97,37.4,39.61,37.51,2.1,5.5985,38777.91,152026.41
301383.SZ,20231009,39.18,39.5,38.33,38.44,39.61,-1.17,-2.9538,18551.12,71707.219
301383.SZ,20231010,38.5,38.83,37.91,38.07,38.44,-0.37,-0.9625,12942.0,49371.985
301383.SZ,20231011,38.07,39.85,37.94,39.21,38.07,1.14,2.9945,26885.77,105204.356
301383.SZ,20231012,39.4,39.78,38.41,38.53,39.21,-0.68,-1.7343,17211.78,66758.838
301383.SZ,20231013,38.42,38.88,38.22,38.66,38.53,0.13,0.3374,11836.46,45640.698
301383.SZ,20231016,39.04,39.08,36.82,37.14,38.66,-1.52,-3.9317,19146.95,71976.475
301383.SZ,20231017,37.59,37.62,36.52,37.46,37.14,0.32,0.8616,12004.68,44592.972
301383.SZ,20231018,37.3,37.44,36.12,36.12,37.46,-1.34,-3.5771,13685.01,49850.369
301383.SZ,20231019,36.0,36.97,35.8,36.01,36.12,-0.11,-0.3045,9993.0,36326.804
301383.SZ,20231020,36.01,36.75,35.35,35.35,36.01,-0.66,-1.8328,12892.54,46374.32
301383.SZ,20231023,35.31,35.48,33.1,33.22,35.35,-2.13,-6.0255,14478.0,49234.318
301383.SZ,20231024,33.22,35.2,33.15,35.05,33.22,1.83,5.5087,14880.06,51285.828
301383.SZ,20231025,35.06,36.75,35.06,36.56,35.05,1.51,4.3081,17074.64,61636.952
301383.SZ,20231026,38.24,43.3,37.71,41.96,36.56,5.4,14.7702,83640.81,341891.599
301383.SZ,20231027,41.21,41.88,40.5,40.82,41.96,-1.14,-2.7169,38175.41,156689.367
301383.SZ,20231030,40.71,42.25,40.0,41.7,40.82,0.88,2.1558,35668.82,146997.292
301383.SZ,20231031,41.6,42.6,41.3,41.88,41.7,0.18,0.4317,30355.32,127357.259
301383.SZ,20231101,41.73,43.46,41.73,41.92,41.88,0.04,0.0955,27335.4,115729.507
301383.SZ,20231102,42.61,43.0,41.08,41.13,41.92,-0.79,-1.8845,25524.2,107154.945
301383.SZ,20231103,41.2,42.15,41.01,41.38,41.13,0.25,0.6078,18008.65,75026.919
301383.SZ,20231106,41.2,42.34,41.2,42.27,41.38,0.89,2.1508,21495.07,90199.211
301383.SZ,20231107,42.25,44.56,42.25,43.72,42.27,1.45,3.4303,47993.22,209544.526
301383.SZ,20231108,43.9,44.09,42.51,43.05,43.72,-0.67,-1.5325,34567.43,149226.52
301383.SZ,20231109,42.91,43.36,41.88,42.03,43.05,-1.02,-2.3693,21994.49,93140.534
301383.SZ,20231110,41.93,42.3,41.54,41.61,42.03,-0.42,-0.9993,13590.0,56788.211
301383.SZ,20231113,42.01,42.4,41.3,42.16,41.61,0.55,1.3218,16974.15,70775.227
301383.SZ,20231114,43.24,49.26,43.24,45.8,42.16,3.64,8.6338,80202.98,366386.958
301383.SZ,20231115,46.02,47.89,45.54,46.3,45.8,0.5,1.0917,78973.69,368766.727
301383.SZ,20231116,45.26,45.75,44.2,45.02,46.3,-1.28,-2.7646,41006.63,184580.599
301383.SZ,20231117,44.99,45.9,44.81,44.98,45.02,-0.04,-0.0888,29270.85,132263.33
301383.SZ,20231120,44.79,45.66,43.95,45.4,44.98,0.42,0.9337,36595.84,164373.914
301383.SZ,20231121,45.41,45.75,43.45,43.7,45.4,-1.7,-3.7445,28166.16,124081.948
301383.SZ,20231122,43.7,43.7,42.35,42.41,43.7,-1.29,-2.9519,18525.04,79456.635
301383.SZ,20231123,42.55,45.3,42.3,44.56,42.41,2.15,5.0696,35742.91,158358.999
301383.SZ,20231124,44.0,44.29,43.23,43.69,44.56,-0.87,-1.9524,19519.96,85287.96
301383.SZ,20231127,43.11,45.38,43.06,44.42,43.69,0.73,1.6709,21037.48,92998.695
301383.SZ,20231128,43.76,45.0,43.5,43.82,44.42,-0.6,-1.3507,16055.01,70801.424
301383.SZ,20231129,43.75,44.41,42.7,42.96,43.82,-0.86,-1.9626,14252.6,61685.586
301383.SZ,20231130,42.97,43.0,41.4,42.3,42.96,-0.66,-1.5363,15876.49,66699.623
301383.SZ,20231201,42.31,42.6,41.63,41.9,42.3,-0.4,-0.9456,11242.69,47098.98
301383.SZ,20231204,41.7,42.48,41.5,41.62,41.9,-0.28,-0.6683,13763.17,57705.612
301383.SZ,20231205,41.4,41.77,41.01,41.28,41.62,-0.34,-0.8169,14560.96,60286.427
301383.SZ,20231206,41.04,41.85,41.0,41.51,41.28,0.23,0.5572,10113.46,41911.481
301383.SZ,20231207,41.3,42.71,41.11,41.66,41.51,0.15,0.3614,16880.0,70619.183
301383.SZ,20231208,42.6,48.49,42.18,47.62,41.66,5.96,14.3063,89980.96,416086.92
301383.SZ,20231211,47.81,50.85,46.55,48.96,47.62,1.34,2.8139,86692.04,422755.285
301383.SZ,20231212,48.62,51.94,48.04,50.65,48.96,1.69,3.4518,67565.44,338413.132
301383.SZ,20231213,50.66,51.3,49.0,49.14,50.65,-1.51,-2.9812,35760.58,177962.529
301383.SZ,20231214,49.0,49.67,46.61,47.01,49.14,-2.13,-4.3346,36902.47,176995.659
301383.SZ,20231215,47.01,53.9,47.01,53.37,47.01,6.36,13.529,91492.61,469408.763
301383.SZ,20231218,54.25,58.3,52.88,56.54,53.37,3.17,5.9397,87562.24,488670.897
301383.SZ,20231219,56.6,60.0,55.55,58.17,56.54,1.63,2.8829,79668.01,457064.308
301383.SZ,20231220,58.55,59.99,55.69,56.2,58.17,-1.97,-3.3866,60470.3,346350.3
301383.SZ,20231221,56.24,57.1,54.26,55.97,56.2,-0.23,-0.4093,45537.14,253361.672
301383.SZ,20231222,57.0,59.44,52.03,53.2,55.97,-2.77,-4.9491,68344.27,382246.707
301383.SZ,20231225,53.17,56.35,52.6,55.8,53.2,2.6,4.8872,46836.27,256216.318
301383.SZ,20231226,56.57,58.21,54.57,54.8,55.8,-1.0,-1.7921,36176.44,203380.106
301383.SZ,20231227,55.0,65.75,53.0,61.99,54.8,7.19,13.1204,69107.45,407338.28
301383.SZ,20231228,63.0,63.23,56.75,59.8,61.99,-2.19,-3.5328,67610.3,399634.379
301383.SZ,20231229,58.49,68.2,58.01,65.0,59.8,5.2,8.6957,62755.88,399001.331
301383.SZ,20240102,65.0,68.9,62.36,65.3,65.0,0.3,0.4615,55010.99,360322.337
301383.SZ,20240103,65.0,65.0,59.0,59.45,65.3,-5.85,-8.9587,50832.4,310340.203
301383.SZ,20240104,59.67,60.86,58.2,60.0,59.45,0.55,0.9251,36056.63,215065.551
301383.SZ,20240105,61.98,62.34,56.12,57.0,60.0,-3.0,-5.0,54638.17,323172.024
301383.SZ,20240108,57.0,59.41,56.5,58.2,57.0,1.2,2.1053,42021.94,243463.689
301383.SZ,20240109,57.8,60.78,56.87,58.78,58.2,0.58,0.9966,36268.64,213454.339
301383.SZ,20240110,59.59,59.59,54.97,55.85,58.78,-2.93,-4.9847,35433.55,202618.355
301383.SZ,20240111,54.56,58.7,54.0,56.85,55.85,1.0,1.7905,28867.12,164157.351
301383.SZ,20240112,56.57,56.86,54.0,54.82,56.85,-2.03,-3.5708,22748.76,125853.876
301383.SZ,20240115,54.78,59.02,54.0,57.68,54.82,2.86,5.2171,37366.51,212551.728
301383.SZ,20240116,57.89,58.4,55.11,56.55,57.68,-1.13,-1.9591,24047.47,135303.585
301383.SZ,20240117,56.55,56.74,53.44,53.74,56.55,-2.81,-4.9691,18017.32,98703.78
301383.SZ,20240118,53.5,57.0,51.51,55.6,53.74,1.86,3.4611,33722.39,181102.398
301383.SZ,20240119,55.35,57.27,54.2,55.05,55.6,-0.55,-0.9892,23942.16,132878.013
301383.SZ,20240122,55.3,55.8,50.03,51.2,55.05,-3.85,-6.9936,24629.6,129827.366
301383.SZ,20240123,51.0,52.7,49.25,51.33,51.2,0.13,0.2539,31672.56,160936.69
301383.SZ,20240124,51.33,52.79,48.16,49.65,51.33,-1.68,-3.2729,21444.76,106173.356
301383.SZ,20240125,49.49,50.8,48.0,49.66,49.65,0.01,0.0201,26911.39,133366.006
301383.SZ,20240126,49.3,50.12,47.58,47.85,49.66,-1.81,-3.6448,18204.46,88737.175
301383.SZ,20240129,48.36,48.87,44.8,45.98,47.85,-1.87,-3.908,21619.69,99701.381
301383.SZ,20240130,45.79,47.15,44.02,45.0,45.98,-0.98,-2.1314,17459.01,79988.739
301383.SZ,20240131,43.53,45.57,41.6,42.1,45.0,-2.9,-6.4444,28539.34,122682.711
301383.SZ,20240201,43.21,43.21,39.8,40.98,42.1,-1.12,-2.6603,31261.72,127532.251
301383.SZ,20240202,39.72,41.27,36.42,37.71,40.98,-3.27,-7.9795,28964.55,111600.412
301383.SZ,20240205,37.0,37.38,32.46,33.27,37.71,-4.44,-11.7741,27140.93,93010.536
301383.SZ,20240206,32.4,37.68,31.45,35.5,33.27,2.23,6.7027,32616.5,111006.403
301383.SZ,20240207,35.5,36.68,31.69,32.18,35.5,-3.32,-9.3521,56690.84,190789.225
301383.SZ,20240208,32.25,38.42,25.74,37.3,32.18,5.12,15.9105,62089.6,208030.204
301383.SZ,20240219,37.0,40.48,36.71,37.99,37.3,0.69,1.8499,54166.32,206928.86
301383.SZ,20240220,38.27,40.45,36.5,39.82,37.99,1.83,4.8171,30445.87,117848.519
301383.SZ,20240221,39.0,45.77,38.0,42.2,39.82,2.38,5.9769,47686.82,201290.419
301383.SZ,20240222,41.0,42.68,40.62,42.45,42.2,0.25,0.5924,39513.52,164529.406
301383.SZ,20240223,42.0,44.66,41.03,44.05,42.45,1.6,3.7691,45338.03,193529.79
301383.SZ,20240226,44.05,48.0,43.51,46.7,44.05,2.65,6.0159,54283.68,248637.869
301383.SZ,20240227,45.12,47.18,44.53,46.95,46.7,0.25,0.5353,48052.21,219667.778
301383.SZ,20240228,46.18,46.8,40.0,40.11,46.95,-6.84,-14.5687,61030.7,266146.504
301383.SZ,20240229,39.08,41.89,39.02,41.33,40.11,1.22,3.0416,34929.59,143034.733
301383.SZ,20240301,41.24,44.2,41.03,42.43,41.33,1.1,2.6615,29908.84,127962.459
301383.SZ,20240304,42.94,43.3,40.43,42.08,42.43,-0.35,-0.8249,41136.54,171521.42
301383.SZ,20240305,41.25,42.27,40.58,40.76,42.08,-1.32,-3.1369,25772.51,106739.355
301383.SZ,20240306,40.7,44.55,40.4,42.7,40.76,1.94,4.7596,43892.58,187385.677
301383.SZ,20240307,42.81,43.9,41.44,42.63,42.7,-0.07,-0.1639,29725.32,126572.917
301383.SZ,20240308,42.01,43.21,41.83,42.96,42.63,0.33,0.7741,23207.79,99071.263
301383.SZ,20240311,42.38,42.96,42.01,42.94,42.96,-0.02,-0.0466,19397.06,82235.867
301383.SZ,20240312,42.99,43.5,42.51,43.21,42.94,0.27,0.6288,21094.31,90931.075
301383.SZ,20240313,43.05,43.5,42.55,42.72,43.21,-0.49,-1.134,20907.92,89863.142
301383.SZ,20240314,42.8,42.88,40.58,41.46,42.72,-1.26,-2.9494,21497.63,89642.532
301383.SZ,20240315,41.16,41.51,40.56,41.06,41.46,-0.4,-0.9648,19518.26,79938.493
301383.SZ,20240318,41.1,42.39,41.09,42.39,41.06,1.33,3.2392,22214.2,93235.805
301383.SZ,20240319,42.21,45.99,42.16,45.14,42.39,2.75,6.4874,53394.12,238602.479
301383.SZ,20240320,44.54,45.54,44.13,44.4,45.14,-0.74,-1.6393,28447.93,126621.161
301383.SZ,20240321,44.22,44.92,43.33,44.24,44.4,-0.16,-0.3604,24687.44,108965.898
301383.SZ,20240322,43.95,44.5,42.28,42.41,44.24,-1.83,-4.1365,23151.09,99406.4
301383.SZ,20240325,42.18,42.35,39.32,39.45,42.41,-2.96,-6.9795,24924.76,102077.683
301383.SZ,20240326,39.22,40.26,37.75,38.3,39.45,-1.15,-2.9151,27323.41,105633.735
301383.SZ,20240327,38.3,38.5,36.2,36.21,38.3,-2.09,-5.4569,18039.82,67207.28
301383.SZ,20240328,36.2,38.2,36.11,37.47,36.21,1.26,3.4797,17245.39,64367.444
301383.SZ,20240329,37.46,37.95,36.6,37.24,37.47,-0.23,-0.6138,14458.03,53617.423
301383.SZ,20240401,37.35,38.74,37.35,38.65,37.24,1.41,3.7863,16281.36,62260.568
301383.SZ,20240402,38.65,38.94,37.65,37.92,38.65,-0.73,-1.8887,14184.67,53995.04
301383.SZ,20240403,37.96,38.1,36.42,37.15,37.92,-0.77,-2.0306,13316.2,49435.253
301383.SZ,20240408,37.0,40.44,36.11,39.31,37.15,2.16,5.8143,45264.23,174458.973
301383.SZ,20240409,38.9,38.96,36.66,37.35,39.31,-1.96,-4.986,41178.06,154227.627
301383.SZ,20240410,37.21,37.37,35.45,35.62,37.35,-1.73,-4.6319,27005.49,97530.032
301383.SZ,20240411,35.62,36.2,34.88,35.09,35.62,-0.53,-1.4879,19468.51,69397.044
301383.SZ,20240412,35.09,36.1,35.08,35.2,35.09,0.11,0.3135,15191.91,53974.407
301383.SZ,20240415,35.13,35.48,32.31,33.01,35.2,-2.19,-6.2216,30814.52,103289.886
301383.SZ,20240416,32.8,33.16,30.19,30.4,33.01,-2.61,-7.9067,24979.65,77518.804
301383.SZ,20240417,31.51,32.89,31.39,32.56,30.4,2.16,7.1053,33222.62,107312.829
301383.SZ,20240418,32.56,33.1,31.65,32.42,32.56,-0.14,-0.43,23765.27,77187.723
301383.SZ,20240419,32.12,32.91,31.78,32.81,32.42,0.39,1.203,20505.52,66319.96
301383.SZ,20240422,32.49,34.67,31.65,34.28,32.81,1.47,4.4803,30721.59,102855.477
301383.SZ,20240423,36.8,37.22,35.11,36.09,34.28,1.81,5.28,52379.04,190656.894
301383.SZ,20240424,35.68,36.8,35.62,36.63,36.09,0.54,1.4963,38833.2,140825.483
301383.SZ,20240425,36.3,37.59,36.25,37.3,36.63,0.67,1.8291,29021.32,107844.366
301383.SZ,20240426,37.25,37.61,36.73,36.91,37.3,-0.39,-1.0456,29826.22,111009.853
301383.SZ,20240429,37.09,37.97,37.0,37.88,36.91,0.97,2.628,22447.49,84524.705
301383.SZ,20240430,37.91,38.45,37.05,37.32,37.88,-0.56,-1.4784,19861.69,74663.658
301383.SZ,20240506,37.88,39.17,37.63,39.04,37.32,1.72,4.6088,30303.71,116551.969
301383.SZ,20240507,39.0,39.97,38.64,38.99,39.04,-0.05,-0.1281,26879.23,105469.39
301383.SZ,20240508,38.68,39.1,37.56,37.63,38.99,-1.36,-3.4881,21429.0,81859.561
301383.SZ,20240509,37.8,38.43,37.62,37.98,37.63,0.35,0.9301,13958.6,53204.231
301383.SZ,20240510,38.12,38.19,36.9,37.17,37.98,-0.81,-2.1327,15509.04,57813.362
301383.SZ,20240513,36.6,38.98,36.15,38.39,37.17,1.22,3.2822,34644.83,131809.325
301383.SZ,20240514,40.06,44.42,39.45,39.92,38.39,1.53,3.9854,70792.49,290841.265
301383.SZ,20240515,39.33,39.86,37.21,37.35,39.92,-2.57,-6.4379,51849.29,197276.517
301383.SZ,20240516,37.35,38.79,37.11,37.11,37.35,-0.24,-0.6426,32269.82,121281.057
301383.SZ,20240517,37.01,37.55,36.66,37.48,37.11,0.37,0.997,21333.99,79345.334
301383.SZ,20240520,37.3,37.63,36.62,37.11,37.48,-0.37,-0.9872,27418.92,101712.115
301383.SZ,20240521,37.1,37.33,36.51,36.85,37.11,-0.26,-0.7006,14885.21,55094.561
301383.SZ,20240522,36.89,38.39,36.88,38.37,36.85,1.52,4.1248,34039.72,128124.138
301383.SZ,20240523,37.99,39.03,37.53,38.0,38.37,-0.37,-0.9643,35836.2,136862.906
301383.SZ,20240524,37.8,38.54,37.45,37.87,38.0,-0.13,-0.3421,28778.78,109595.365
301383.SZ,20240527,37.63,37.98,35.5,36.97,37.87,-0.9,-2.3766,33834.47,122890.956
301383.SZ,20240528,36.53,36.82,35.97,36.03,36.97,-0.94,-2.5426,20754.98,75293.174
301383.SZ,20240529,35.95,37.63,35.71,37.25,36.03,1.22,3.3861,27453.42,101444.153
301383.SZ,20240530,36.91,37.86,36.32,37.14,37.25,-0.11,-0.2953,22335.93,83010.897
301383.SZ,20240531,37.01,39.19,36.99,38.86,37.14,1.72,4.6311,45163.48,174657.999
301383.SZ,20240603,38.6,38.97,37.61,38.09,38.86,-0.77,-1.9815,27376.75,104513.77
301383.SZ,20240604,38.0,38.0,35.42,35.93,38.09,-2.16,-5.6708,35154.75,127267.792
301383.SZ,20240605,35.88,36.67,35.18,35.85,35.93,-0.08,-0.2227,19805.93,71371.025
301383.SZ,20240606,35.8,36.6,34.45,34.46,35.85,-1.39,-3.8773,26668.54,94450.55
301383.SZ,20240607,34.91,35.28,34.25,34.93,34.46,0.47,1.3639,18533.07,64309.6
301383.SZ,20240611,34.72,36.0,34.02,35.9,34.93,0.97,2.777,16995.82,59709.619
301383.SZ,20240612,36.1,37.7,36.1,37.53,35.9,1.63,4.5404,30462.32,113493.82
301383.SZ,20240613,37.48,38.32,37.18,37.79,37.53,0.26,0.6928,25414.32,96432.918
301383.SZ,20240614,37.52,37.99,37.01,37.98,37.79,0.19,0.5028,17398.93,65361.317
301383.SZ,20240617,38.02,38.85,37.8,38.41,37.98,0.43,1.1322,24251.0,93165.61
301383.SZ,20240618,38.32,38.85,38.23,38.84,38.41,0.43,1.1195,25662.69,98892.266
301383.SZ,20240619,38.8,39.0,38.21,38.35,38.84,-0.49,-1.2616,16317.93,62821.641
301383.SZ,20240620,38.48,38.66,37.38,37.59,38.35,-0.76,-1.9817,18428.92,69866.09
301383.SZ,20240621,26.59,26.59,25.62,26.16,26.59,-0.43,-1.6171,25292.3,65763.212
301383.SZ,20240624,25.8,26.08,24.04,24.19,26.16,-1.97,-7.5306,30517.08,76403.229
301383.SZ,20240625,24.24,24.49,23.35,23.7,24.19,-0.49,-2.0256,25300.6,60445.514
301383.SZ,20240626,23.5,24.96,23.48,24.96,23.7,1.26,5.3165,23958.19,58190.279
301383.SZ,20240627,24.9,26.98,24.74,25.16,24.96,0.2,0.8013,47999.11,124320.992
301383.SZ,20240628,25.36,26.83,24.9,26.12,25.16,0.96,3.8156,50152.29,131568.502
301383.SZ,20240701,26.05,26.66,24.92,25.77,26.12,-0.35,-1.34,37508.4,95902.046
301383.SZ,20240702,25.8,27.48,25.71,26.39,25.77,0.62,2.4059,49373.64,131250.286
301383.SZ,20240703,26.22,26.35,25.18,25.18,26.39,-1.21,-4.5851,37124.28,94648.707
301383.SZ,20240704,25.11,25.65,24.42,24.51,25.18,-0.67,-2.6608,29635.06,74099.821
301383.SZ,20240705,24.25,24.74,23.74,24.54,24.51,0.03,0.1224,19336.76,46969.328
301383.SZ,20240708,24.49,25.99,24.28,24.68,24.54,0.14,0.5705,45311.01,113526.597
301383.SZ,20240709,24.31,26.7,24.31,26.7,24.68,2.02,8.1848,70579.71,181837.564
301383.SZ,20240710,26.68,27.11,26.21,26.51,26.7,-0.19,-0.7116,47947.72,127125.938
301383.SZ,20240711,26.8,28.25,26.41,27.83,26.51,1.32,4.9793,72819.24,198525.298
301383.SZ,20240712,27.05,27.15,26.52,26.77,27.83,-1.06,-3.8088,47228.71,126474.206
301383.SZ,20240715,26.69,26.75,25.8,26.35,26.77,-0.42,-1.5689,29753.64,78080.203
301383.SZ,20240716,27.73,27.97,26.66,27.45,26.35,1.1,4.1746,72676.6,197993.357
301383.SZ,20240717,27.53,27.57,26.26,26.26,27.45,-1.19,-4.3352,45101.5,121076.711
301383.SZ,20240718,25.8,26.0,24.8,25.54,26.26,-0.72,-2.7418,38854.21,98570.256
301383.SZ,20240719,25.28,27.28,25.18,26.32,25.54,0.78,3.054,49985.93,132495.595
301383.SZ,20240722,26.13,26.46,25.87,26.2,26.32,-0.12,-0.4559,29361.89,76933.201
301383.SZ,20240723,26.14,26.15,25.27,25.28,26.2,-0.92,-3.5115,24928.6,63850.872
301383.SZ,20240724,25.26,25.73,24.94,24.95,25.28,-0.33,-1.3054,26483.6,66893.398
301383.SZ,20240725,24.68,24.96,24.1,24.76,24.95,-0.19,-0.7615,27089.12,66430.555
301383.SZ,20240726,24.8,25.23,24.5,25.1,24.76,0.34,1.3732,21959.9,54868.866
301383.SZ,20240729,25.0,27.26,24.72,26.99,25.1,1.89,7.5299,73349.45,193210.308
301383.SZ,20240730,27.23,28.28,26.52,26.64,26.99,-0.35,-1.2968,66651.75,181656.283
301383.SZ,20240731,26.58,27.38,26.39,27.3,26.64,0.66,2.4775,50028.48,134877.378
301383.SZ,20240801,27.07,27.47,26.78,27.07,27.3,-0.23,-0.8425,33250.95,90181.843
301383.SZ,20240802,26.83,26.87,25.93,25.96,27.07,-1.11,-4.1005,28617.46,75491.994
301383.SZ,20240805,25.7,26.0,24.71,24.76,25.96,-1.2,-4.6225,33471.2,84629.206
301383.SZ,20240806,25.13,25.6,24.91,25.4,24.76,0.64,2.5848,21367.4,53896.628
301383.SZ,20240807,25.3,25.88,25.11,25.73,25.4,0.33,1.2992,21484.58,54989.865
301383.SZ,20240808,25.72,25.78,24.75,25.2,25.73,-0.53,-2.0599,32067.14,80841.894
301383.SZ,20240809,25.42,25.56,24.95,24.96,25.2,-0.24,-0.9524,16220.5,40937.18
301383.SZ,20240812,25.0,25.23,24.51,25.13,24.96,0.17,0.6811,19979.81,49796.856
301383.SZ,20240813,24.98,27.0,24.98,26.81,25.13,1.68,6.6852,75498.37,199224.955
301383.SZ,20240814,28.06,32.17,26.55,31.7,26.81,4.89,18.2395,207119.5,599904.018
301383.SZ,20240815,30.05,33.97,30.05,30.8,31.7,-0.9,-2.8391,218017.29,688444.519
301383.SZ,20240816,30.93,32.28,30.45,31.5,30.8,0.7,2.2727,167153.47,525063.491
301383.SZ,20240819,30.5,30.68,28.47,28.76,31.5,-2.74,-8.6984,130169.49,379471.821
301383.SZ,20240820,28.55,29.23,27.91,28.5,28.76,-0.26,-0.904,95890.12,273748.06
301383.SZ,20240821,28.08,28.58,27.6,27.8,28.5,-0.7,-2.4561,72575.61,203100.335
301383.SZ,20240822,27.86,27.98,26.63,26.81,27.8,-0.99,-3.5612,65203.83,176703.547
301383.SZ,20240823,26.81,26.99,25.73,26.55,26.81,-0.26,-0.9698,58654.31,154492.172
301383.SZ,20240826,27.0,30.58,26.88,29.86,26.55,3.31,12.467,140085.2,397643.906
301383.SZ,20240827,29.5,30.0,28.17,28.4,29.86,-1.46,-4.8895,100856.27,290964.945
301383.SZ,20240828,28.22,30.47,27.82,29.85,28.4,1.45,5.1056,129817.9,380265.195
301383.SZ,20240829,29.86,31.3,29.86,30.98,29.85,1.13,3.7856,143315.25,437302.286
301383.SZ,20240830,30.95,32.75,30.5,30.61,30.98,-0.37,-1.1943,157495.44,497261.957
301383.SZ,20240902,30.13,31.48,29.81,29.85,30.61,-0.76,-2.4828,92119.27,279288.363
301383.SZ,20240903,29.5,30.09,29.05,29.66,29.85,-0.19,-0.6365,68872.86,203657.463
301383.SZ,20240904,29.23,29.51,28.57,29.35,29.66,-0.31,-1.0452,52703.34,153022.618
301383.SZ,20240905,29.2,29.2,28.41,28.86,29.35,-0.49,-1.6695,43072.16,123971.046
301383.SZ,20240906,28.62,28.83,27.81,27.85,28.86,-1.01,-3.4997,42792.46,120744.36
301383.SZ,20240909,27.79,28.32,27.37,28.06,27.85,0.21,0.754,39819.01,111322.197
301383.SZ,20240910,28.18,28.63,27.3,28.48,28.06,0.42,1.4968,44677.83,125581.176
301383.SZ,20240911,28.19,28.29,27.58,27.78,28.48,-0.7,-2.4579,30079.7,83869.25
301383.SZ,20240912,27.9,28.01,26.76,26.84,27.78,-0.94,-3.3837,38813.44,105882.3
301383.SZ,20240913,26.8,26.95,26.09,26.12,26.84,-0.72,-2.6826,28622.75,75657.557
301383.SZ,20240918,26.0,26.25,25.4,25.66,26.12,-0.46,-1.7611,25160.4,64732.53
301383.SZ,20240919,25.79,27.59,25.51,27.37,25.66,1.71,6.6641,66660.6,177528.869
301383.SZ,20240920,27.18,28.2,26.62,27.05,27.37,-0.32,-1.1692,49989.52,135095.748
301383.SZ,20240923,27.5,28.07,26.86,26.9,27.05,-0.15,-0.5545,53264.91,146035.066
301383.SZ,20240924,26.74,28.3,25.86,27.84,26.9,0.94,3.4944,72278.04,195329.255
301383.SZ,20240925,27.79,28.8,27.68,28.01,27.84,0.17,0.6106,67519.93,191065.431
301383.SZ,20240926,27.8,28.63,26.9,28.61,28.01,0.6,2.1421,87623.98,242224.734
301383.SZ,20240927,28.55,30.46,28.5,29.88,28.61,1.27,4.439,104393.8,306800.747
301383.SZ,20240930,30.64,35.17,29.89,34.62,29.88,4.74,15.8635,141489.11,455106.554
301383.SZ,20241008,41.54,41.54,34.9,40.39,34.62,5.77,16.6667,159284.07,603399.157
301383.SZ,20241009,37.91,37.91,33.95,34.0,40.39,-6.39,-15.8207,129668.83,465144.373
301383.SZ,20241010,35.06,39.9,33.02,37.2,34.0,3.2,9.4118,163564.95,605271.791
301383.SZ,20241011,40.16,41.1,34.3,35.02,37.2,-2.18,-5.8602,171342.64,651244.552
301383.SZ,20241014,32.5,38.1,31.7,38.0,35.02,2.98,8.5094,163164.99,572456.158
301383.SZ,20241015,36.49,39.18,35.6,36.72,38.0,-1.28,-3.3684,147390.07,548394.603
301383.SZ,20241016,35.5,38.08,35.07,37.31,36.72,0.59,1.6068,104382.89,385161.503
301383.SZ,20241017,37.0,37.93,35.98,36.12,37.31,-1.19,-3.1895,95096.55,351492.994
301383.SZ,20241018,35.97,38.1,35.3,37.02,36.12,0.9,2.4917,116576.96,427026.151
301383.SZ,20241021,36.66,38.55,36.4,37.17,37.02,0.15,0.4052,120525.81,451789.169
301383.SZ,20241022,36.7,37.31,35.66,35.98,37.17,-1.19,-3.2015,89216.74,325321.508
301383.SZ,20241023,35.75,36.18,34.79,34.86,35.98,-1.12,-3.1128,63925.39,226721.149
301383.SZ,20241024,34.54,35.18,34.41,34.69,34.86,-0.17,-0.4877,32837.2,114050.111
301383.SZ,20241025,34.63,36.3,34.63,36.0,34.69,1.31,3.7763,58847.11,209528.29
301383.SZ,20241028,36.08,38.0,35.66,37.4,36.0,1.4,3.8889,82536.79,307118.024
301383.SZ,20241029,37.42,37.87,35.5,35.53,37.4,-1.87,-5.0,78391.0,285622.574
301383.SZ,20241030,35.0,35.87,34.09,34.77,35.53,-0.76,-2.139,59315.85,207209.678
301383.SZ,20241031,34.79,34.99,33.85,34.44,34.77,-0.33,-0.9491,46066.27,158657.924
301383.SZ,20241101,34.4,34.57,32.36,32.36,34.44,-2.08,-6.0395,51755.54,171987.679
301383.SZ,20241104,32.38,33.67,32.38,33.4,32.36,1.04,3.2138,30853.75,102217.716
301383.SZ,20241105,32.9,34.74,32.53,34.36,33.4,0.96,2.8743,48014.29,163961.967
301383.SZ,20241106,34.8,35.3,34.15,34.39,34.36,0.03,0.0873,52372.73,182429.032
301383.SZ,20241107,34.38,34.6,33.77,34.43,34.39,0.04,0.1163,43891.55,149921.533
301383.SZ,20241108,34.87,35.74,34.56,35.28,34.43,0.85,2.4688,63910.88,225261.5
301383.SZ,20241111,35.11,36.98,34.7,36.35,35.28,1.07,3.0329,73405.16,264375.543
301383.SZ,20241112,37.02,39.63,36.78,37.4,36.35,1.05,2.8886,143715.66,545597.908
301383.SZ,20241113,37.9,38.19,35.79,37.02,37.4,-0.38,-1.016,79922.81,294878.38
301383.SZ,20241114,37.08,38.9,36.94,37.17,37.02,0.15,0.4052,100659.59,380261.378
301383.SZ,20241115,36.6,43.08,36.6,40.77,37.17,3.6,9.6852,191690.16,769896.014
301383.SZ,20241118,40.0,40.49,36.4,36.53,40.77,-4.24,-10.3998,115803.53,440529.709
301383.SZ,20241119,35.91,38.5,35.54,38.47,36.53,1.94,5.3107,96857.03,358472.94
301383.SZ,20241120,37.9,39.45,37.5,38.94,38.47,0.47,1.2217,90022.37,346660.642
301383.SZ,20241121,38.58,38.93,36.43,37.03,38.94,-1.91,-4.905,76918.59,288978.751
301383.SZ,20241122,37.1,39.62,36.85,37.45,37.03,0.42,1.1342,103839.69,399025.716
301383.SZ,20241125,37.02,37.73,35.11,36.55,37.45,-0.9,-2.4032,77360.62,278014.228
301383.SZ,20241126,36.01,38.69,35.6,35.91,36.55,-0.64,-1.751,57382.0,213157.786
301383.SZ,20241127,35.55,38.6,34.59,38.28,35.91,2.37,6.5998,80579.76,297428.793
301383.SZ,20241128,37.93,39.15,37.43,37.65,38.28,-0.63,-1.6458,71767.34,273469.248
301383.SZ,20241129,37.74,37.96,36.01,37.0,37.65,-0.65,-1.7264,65090.03,240507.949
301383.SZ,20241202,37.11,37.76,36.6,37.22,37.0,0.22,0.5946,57836.43,214345.078
301383.SZ,20241203,37.37,37.37,35.73,36.26,37.22,-0.96,-2.5793,49126.6,178702.648
301383.SZ,20241204,36.18,36.18,34.79,34.88,36.26,-1.38,-3.8058,44046.17,155714.645
301383.SZ,20241205,35.08,36.29,34.7,35.8,34.88,0.92,2.6376,37466.23,133710.967
301383.SZ,20241206,35.8,36.92,34.94,35.64,35.8,-0.16,-0.4469,42332.16,151078.534
301383.SZ,20241209,35.81,36.56,35.46,35.93,35.64,0.29,0.8137,37109.6,133855.417
301383.SZ,20241210,36.76,37.38,36.13,36.28,35.93,0.35,0.9741,53048.69,195346.749
301383.SZ,20241211,36.4,43.54,36.16,43.54,36.28,7.26,20.011,143266.32,583797.831
301383.SZ,20241212,48.0,52.24,44.75,47.1,43.54,3.56,8.1764,253009.82,1216503.633
301383.SZ,20241213,48.97,49.94,45.6,46.59,47.1,-0.51,-1.0828,182630.64,870663.443
301383.SZ,20241216,45.66,46.03,41.07,41.56,46.59,-5.03,-10.7963,167261.19,718547.373
301383.SZ,20241217,41.56,42.02,39.11,39.56,41.56,-2.0,-4.8123,88043.32,355446.854
301383.SZ,20241218,39.5,45.5,38.75,44.2,39.56,4.64,11.729,161868.1,692262.19
301383.SZ,20241219,43.57,44.57,41.91,43.78,44.2,-0.42,-0.9502,110357.85,475357.007
301383.SZ,20241220,43.3,52.54,43.11,52.54,43.78,8.76,20.0091,94484.22,466468.882
301383.SZ,20241223,55.1,56.12,49.56,50.65,52.54,-1.89,-3.5973,192573.3,1005475.109
301383.SZ,20241224,51.83,52.26,47.82,50.39,50.65,-0.26,-0.5133,132330.04,660942.497
301383.SZ,20241225,50.68,53.55,49.68,51.0,50.39,0.61,1.2106,136610.68,707136.813
301383.SZ,20241226,48.81,53.67,48.81,53.67,51.0,2.67,5.2353,141801.89,729403.13
301383.SZ,20241227,52.99,62.97,52.78,54.88,53.67,1.21,2.2545,188353.61,1065586.441
301383.SZ,20241230,54.74,58.75,52.93,57.01,54.88,2.13,3.8812,158633.1,887186.714
301383.SZ,20241231,55.8,55.86,51.9,52.65,57.01,-4.36,-7.6478,120134.71,644846.585
301383.SZ,20250102,52.53,54.79,50.51,51.8,52.65,-0.85,-1.6144,92319.18,485785.544
301383.SZ,20250103,54.05,55.79,49.92,51.9,51.8,0.1,0.1931,118115.2,625116.28
301383.SZ,20250106,49.0,50.86,46.44,47.2,51.9,-4.7,-9.0559,108093.0,521003.843
301383.SZ,20250107,47.88,49.85,46.46,49.85,47.2,2.65,5.6144,95192.92,457631.54
301383.SZ,20250108,48.76,50.41,46.45,49.4,49.85,-0.45,-0.9027,93144.6,453625.657
301383.SZ,20250109,49.3,59.28,48.28,54.61,49.4,5.21,10.5466,203757.72,1111295.08
301383.SZ,20250110,53.21,54.4,48.81,49.0,54.61,-5.61,-10.2728,155685.8,803354.141
301383.SZ,20250113,47.9,52.35,47.9,50.11,49.0,1.11,2.2653,100202.04,503192.714
301383.SZ,20250114,50.49,55.74,49.22,54.96,50.11,4.85,9.6787,133425.62,714850.047
301383.SZ,20250115,56.14,57.67,54.41,55.14,54.96,0.18,0.3275,118583.56,662655.445
301383.SZ,20250116,55.6,56.5,52.68,53.19,55.14,-1.95,-3.5365,92180.08,500475.284
301383.SZ,20250117,52.93,56.02,52.28,55.02,53.19,1.83,3.4405,94146.42,508715.185
301383.SZ,20250120,53.98,58.28,53.59,57.55,55.02,2.53,4.5983,108310.14,613402.355
301383.SZ,20250121,59.9,63.5,57.62,59.72,57.55,2.17,3.7706,147377.36,882173.169
301383.SZ,20250122,58.2,59.62,56.51,59.3,59.72,-0.42,-0.7033,97531.0,567997.556
301383.SZ,20250123,59.6,61.74,57.6,57.6,59.3,-1.7,-2.8668,96062.44,573563.594
301383.SZ,20250124,57.49,61.16,57.49,60.35,57.6,2.75,4.7743,88780.79,526830.502
301383.SZ,20250127,61.07,64.5,59.5,60.3,60.35,-0.05,-0.0829,91459.72,565340.168
301383.SZ,20250205,61.3,62.49,58.0,58.31,60.3,-1.99,-3.3002,84368.26,505687.944
301383.SZ,20250206,57.29,62.62,56.8,62.53,58.31,4.22,7.2372,101187.92,619055.249
301383.SZ,20250207,65.55,66.66,60.06,60.95,62.53,-1.58,-2.5268,142364.29,905530.515
301383.SZ,20250210,61.0,61.11,58.79,60.08,60.95,-0.87,-1.4274,95566.06,571678.392
301383.SZ,20250211,60.0,61.16,58.12,58.58,60.08,-1.5,-2.4967,82156.97,486523.906
301383.SZ,20250212,58.49,61.16,57.49,60.28,58.58,1.7,2.902,90689.83,537810.236
301383.SZ,20250213,59.1,59.6,56.14,56.7,60.28,-3.58,-5.939,77526.8,445122.326
301383.SZ,20250214,56.01,56.48,52.85,53.2,56.7,-3.5,-6.1728,102072.0,553220.738
301383.SZ,20250217,53.3,55.38,53.05,55.21,53.2,2.01,3.7782,68962.69,375910.766
301383.SZ,20250218,54.38,55.4,52.2,52.6,55.21,-2.61,-4.7274,45691.4,245209.799
301383.SZ,20250219,52.6,54.77,52.4,54.57,52.6,1.97,3.7452,54601.2,294494.465
301383.SZ,20250220,57.4,61.0,57.13,58.43,54.57,3.86,7.0735,143460.52,841104.048
301383.SZ,20250221,56.8,58.17,55.65,57.56,58.43,-0.87,-1.489,99476.45,565893.302
301383.SZ,20250224,57.66,57.66,54.78,55.23,57.56,-2.33,-4.0479,75310.76,418625.115
301383.SZ,20250225,53.44,57.22,53.0,54.87,55.23,-0.36,-0.6518,76251.81,422846.667
301383.SZ,20250226,54.85,56.0,54.4,55.15,54.87,0.28,0.5103,52029.76,286662.803
301383.SZ,20250227,55.28,55.41,53.4,54.34,55.15,-0.81,-1.4687,48309.04,261919.368
301383.SZ,20250228,53.52,53.99,49.05,49.12,54.34,-5.22,-9.6062,63021.54,322658.305
301383.SZ,20250303,49.73,50.14,48.4,48.79,49.12,-0.33,-0.6718,43015.32,211699.634
301383.SZ,20250304,48.42,49.96,48.3,49.72,48.79,0.93,1.9061,36803.91,182272.13
301383.SZ,20250305,49.66,51.3,49.24,50.91,49.72,1.19,2.3934,42360.09,212838.563
301383.SZ,20250306,51.2,52.26,50.85,51.5,50.91,0.59,1.1589,49199.19,254192.742
301383.SZ,20250307,50.9,52.67,50.68,51.35,51.5,-0.15,-0.2913,46217.39,239404.652
301383.SZ,20250310,51.2,52.2,50.58,51.92,51.35,0.57,1.11,32109.75,164591.459
301383.SZ,20250311,50.98,53.31,50.68,51.98,51.92,0.06,0.1156,52389.6,273055.842
301383.SZ,20250312,51.89,52.18,50.89,50.93,51.98,-1.05,-2.02,46225.4,237186.969
301383.SZ,20250313,51.0,51.17,48.85,49.45,50.93,-1.48,-2.9059,38377.42,190714.031
301383.SZ,20250314,49.48,51.44,49.0,50.93,49.45,1.48,2.9929,43639.8,219352.781
301383.SZ,20250317,51.62,51.62,50.69,50.76,50.93,-0.17,-0.3338,22137.15,112787.339
301383.SZ,20250318,50.86,51.77,50.54,51.35,50.76,0.59,1.1623,30782.95,157686.616
301383.SZ,20250319,51.41,54.21,51.41,52.88,51.35,1.53,2.9796,95725.98,510222.146
301383.SZ,20250320,52.88,55.93,52.2,54.52,52.88,1.64,3.1014,114783.73,627328.802
301383.SZ,20250321,53.47,53.47,50.48,51.14,54.52,-3.38,-6.1996,68489.66,355144.426
301383.SZ,20250324,51.36,53.7,50.72,52.25,51.14,1.11,2.1705,49956.28,260881.436
301383.SZ,20250325,51.5,51.81,47.71,48.0,52.25,-4.25,-8.134,56886.91,280856.964
301383.SZ,20250326,48.0,48.75,47.68,47.83,48.0,-0.17,-0.3542,30087.44,144644.757
301383.SZ,20250327,47.57,48.65,46.31,48.11,47.83,0.28,0.5854,35824.0,170708.667
301383.SZ,20250328,47.85,49.8,47.58,48.11,48.11,0.0,0.0,30806.04,148987.145
301383.SZ,20250331,47.41,50.1,46.49,49.52,48.11,1.41,2.9308,42153.44,204648.497
301383.SZ,20250401,49.69,50.78,48.59,48.86,49.52,-0.66,-1.3328,38001.0,188366.567
301383.SZ,20250402,49.0,49.83,48.52,49.11,48.86,0.25,0.5117,31445.92,154290.051
301383.SZ,20250403,48.3,48.73,43.77,44.36,49.11,-4.75,-9.6722,68387.37,313886.421
301383.SZ,20250407,38.11,40.4,35.49,35.49,44.36,-8.87,-19.9955,53887.32,198567.858
301383.SZ,20250408,35.13,36.49,33.98,35.17,35.49,-0.32,-0.9017,54544.61,191959.059
301383.SZ,20250409,34.0,35.99,30.99,35.48,35.17,0.31,0.8814,54665.22,185434.972
301383.SZ,20250410,38.07,38.81,37.43,37.52,35.48,2.04,5.7497,59287.15,226192.825
301383.SZ,20250411,36.87,38.68,36.87,38.18,37.52,0.66,1.7591,42178.8,160474.582
301383.SZ,20250414,39.93,40.4,39.12,39.38,38.18,1.2,3.143,47448.74,187957.539
301383.SZ,20250415,39.87,40.35,39.1,39.52,39.38,0.14,0.3555,32229.0,128054.85
301383.SZ,20250416,39.21,39.7,38.05,38.86,39.52,-0.66,-1.67,24062.57,93766.999
301383.SZ,20250417,38.72,39.64,38.56,38.97,38.86,0.11,0.2831,20753.6,81228.511
301383.SZ,20250418,36.33,37.54,35.16,35.91,38.97,-3.06,-7.8522,63477.2,228603.386
301383.SZ,20250421,35.9,37.76,35.85,37.65,35.91,1.74,4.8454,47702.5,176321.228
301383.SZ,20250422,37.65,37.65,36.45,36.48,37.65,-1.17,-3.1076,26429.4,97173.914
301383.SZ,20250423,37.0,38.23,36.77,37.6,36.48,1.12,3.0702,35134.24,131627.77
301383.SZ,20250424,37.38,37.75,36.46,36.74,37.6,-0.86,-2.2872,22821.2,84588.607
301383.SZ,20250425,36.75,37.08,36.3,36.34,36.74,-0.4,-1.0887,19189.6,70372.73
301383.SZ,20250428,36.35,36.55,35.82,36.08,36.34,-0.26,-0.7155,13325.6,48098.144
301383.SZ,20250429,35.83,36.24,35.38,35.38,36.08,-0.7,-1.9401,23012.2,82205.242
301383.SZ,20250430,36.5,37.93,36.5,37.52,35.38,2.14,6.0486,41996.4,156701.183
301383.SZ,20250506,37.7,38.83,37.55,38.79,37.52,1.27,3.3849,32471.4,124160.529
301383.SZ,20250507,39.23,39.79,38.34,38.88,38.79,0.09,0.232,34977.0,135933.481
301383.SZ,20250508,38.73,39.78,38.62,39.38,38.88,0.5,1.286,27328.8,107389.356
301383.SZ,20250509,39.41,39.59,38.0,38.28,39.38,-1.1,-2.7933,24087.2,92698.239
301383.SZ,20250512,39.16,40.78,39.07,39.75,38.28,1.47,3.8401,36726.02,145346.623
301383.SZ,20250513,41.34,41.67,39.28,39.31,39.75,-0.44,-1.1069,56320.08,226102.64
301383.SZ,20250514,39.32,40.08,38.65,38.99,39.31,-0.32,-0.814,37598.8,146979.401
301383.SZ,20250515,39.0,39.0,37.88,37.98,38.99,-1.01,-2.5904,25419.0,97020.864
301383.SZ,20250516,38.15,39.16,37.5,38.37,37.98,0.39,1.0269,24697.44,94855.676
301383.SZ,20250519,38.28,38.53,37.36,38.01,38.37,-0.36,-0.9382,22693.02,85807.034
301383.SZ,20250520,38.01,39.06,37.43,38.69,38.01,0.68,1.789,26257.02,100908.395
301383.SZ,20250521,38.75,39.1,37.88,38.14,38.69,-0.55,-1.4216,32896.0,126637.916
301383.SZ,20250522,38.16,42.55,37.42,40.3,38.14,2.16,5.6633,88601.91,354504.703
301383.SZ,20250523,39.53,39.6,37.6,37.82,40.3,-2.48,-6.1538,80223.96,308729.959
301383.SZ,20250526,37.16,40.96,37.0,40.9,37.82,3.08,8.1438,97531.22,382254.814
301383.SZ,20250527,41.0,41.49,39.45,40.1,40.9,-0.8,-1.956,59655.12,238599.375
301383.SZ,20250528,39.73,41.56,39.73,39.78,40.1,-0.32,-0.798,55320.0,223248.786
301383.SZ,20250529,39.58,40.58,39.58,40.45,39.78,0.67,1.6843,48567.2,194816.673
301383.SZ,20250530,40.05,40.97,39.05,39.15,40.45,-1.3,-3.2138,51434.41,205482.182
301383.SZ,20250603,38.6,41.81,38.6,40.35,39.15,1.2,3.0651,63018.01,253826.726
301383.SZ,20250604,40.1,41.78,40.1,41.64,40.35,1.29,3.197,55007.42,226738.618
301383.SZ,20250605,41.23,42.77,41.05,42.28,41.64,0.64,1.537,58951.2,247553.174
301383.SZ,20250606,42.03,43.49,41.42,42.75,42.28,0.47,1.1116,56141.41,239121.039
301383.SZ,20250609,42.6,43.58,41.96,42.26,42.75,-0.49,-1.1462,63577.0,271392.414
301383.SZ,20250610,42.34,42.57,40.5,41.15,42.26,-1.11,-2.6266,50046.01,208329.621
301383.SZ,20250611,41.13,42.52,41.0,42.19,41.15,1.04,2.5273,48265.2,202058.479
301383.SZ,20250612,44.05,44.98,41.41,41.81,42.19,-0.38,-0.9007,78990.75,339969.78
301383.SZ,20250613,41.13,41.88,40.01,40.98,41.81,-0.83,-1.9852,52537.23,215128.795
301383.SZ,20250616,40.49,42.36,40.08,41.3,40.98,0.32,0.7809,38962.4,161644.125
301383.SZ,20250617,41.33,43.5,41.18,41.92,41.3,0.62,1.5012,63436.44,269207.194
301383.SZ,20250618,42.0,43.4,41.68,42.41,41.92,0.49,1.1689,62737.64,267853.3
301383.SZ,20250619,41.99,42.33,40.81,40.88,42.41,-1.53,-3.6076,45887.99,189992.603
301383.SZ,20250620,40.84,41.96,38.71,38.82,40.88,-2.06,-5.0391,47531.2,188562.005
301383.SZ,20250623,37.6,40.0,37.5,39.61,38.42,1.19,3.0973,41897.6,164886.091
301383.SZ,20250624,39.6,40.88,39.6,40.83,39.61,1.22,3.08,32243.8,130332.814
301383.SZ,20250625,40.82,43.24,40.8,42.11,40.83,1.28,3.1349,59694.4,250585.982
301383.SZ,20250626,41.95,42.25,40.9,41.14,42.11,-0.97,-2.3035,40937.4,169096.335
301383.SZ,20250627,41.3,41.53,40.12,40.42,41.14,-0.72,-1.7501,34695.77,140965.475
301383.SZ,20250630,40.3,41.49,40.3,41.28,40.42,0.86,2.1277,31205.8,127571.857
301383.SZ,20250701,41.11,41.11,39.92,40.17,41.28,-1.11,-2.689,26415.17,106772.961
301383.SZ,20250702,39.95,40.09,39.11,39.46,40.17,-0.71,-1.7675,25445.2,100221.589
301383.SZ,20250703,39.46,40.17,39.33,39.87,39.46,0.41,1.039,24604.0,97977.304
301383.SZ,20250704,39.88,39.88,38.7,38.7,39.87,-1.17,-2.9345,27275.8,106480.978
301383.SZ,20250707,38.75,38.78,38.17,38.3,38.7,-0.4,-1.0336,15875.8,60916.979
301383.SZ,20250708,38.3,38.97,38.25,38.93,38.3,0.63,1.6449,17545.71,67981.062
301383.SZ,20250709,38.93,39.22,38.51,38.58,38.93,-0.35,-0.899,16695.8,64868.277
301383.SZ,20250710,38.58,38.74,38.2,38.5,38.58,-0.08,-0.2074,14418.0,55380.772
301383.SZ,20250711,38.7,38.85,38.08,38.63,38.5,0.13,0.3377,16992.8,65408.656
301383.SZ,20250714,38.82,38.82,38.32,38.5,38.63,-0.13,-0.3365,14013.4,53921.212
301383.SZ,20250715,38.58,38.58,37.64,38.2,38.5,-0.3,-0.7792,20813.0,79318.202
301383.SZ,20250716,38.21,38.77,38.09,38.42,38.2,0.22,0.5759,14136.41,54363.771
301383.SZ,20250717,38.42,38.77,38.11,38.72,38.42,0.3,0.7808,15938.0,61557.31
301383.SZ,20250718,38.84,39.08,38.42,38.78,38.72,0.06,0.155,16896.6,65421.957
301383.SZ,20250721,38.99,39.45,38.78,39.29,38.78,0.51,1.3151,21691.95,84844.668
301383.SZ,20250722,39.37,39.37,38.41,38.68,39.29,-0.61,-1.5526,21493.85,83283.272
301383.SZ,20250723,38.6,38.82,38.31,38.34,38.68,-0.34,-0.879,14748.42,56696.01
301383.SZ,20250724,38.54,38.8,38.44,38.6,38.34,0.26,0.6781,16501.31,63731.289
301383.SZ,20250725,38.74,39.43,38.6,39.17,38.6,0.57,1.4767,26417.77,103227.813
301383.SZ,20250728,39.32,39.67,39.04,39.3,39.17,0.13,0.3319,22197.6,87330.568
301383.SZ,20250729,39.15,39.4,38.61,39.0,39.3,-0.3,-0.7634,18909.0,73420.885
301383.SZ,20250730,38.99,38.99,38.03,38.26,39.0,-0.74,-1.8974,20630.2,79439.441
301383.SZ,20250731,38.26,38.77,37.77,37.82,38.26,-0.44,-1.15,23267.08,89109.901
301383.SZ,20250801,37.8,38.66,37.6,38.15,37.82,0.33,0.8726,17912.99,68353.152
301383.SZ,20250804,37.77,38.35,37.65,38.31,38.15,0.16,0.4194,12912.2,49089.891
301383.SZ,20250805,38.38,39.59,38.32,39.58,38.31,1.27,3.3151,40707.65,159581.837
301383.SZ,20250806,39.32,40.11,39.15,39.77,39.58,0.19,0.48,29566.37,117417.435
301383.SZ,20250807,39.97,40.12,39.19,39.26,39.77,-0.51,-1.2824,29025.85,114689.759
301383.SZ,20250808,39.18,39.36,38.44,38.55,39.26,-0.71,-1.8085,24763.0,95788.844
301383.SZ,20250811,38.76,39.7,38.53,39.56,38.55,1.01,2.62,27605.22,108704.508
301383.SZ,20250812,39.4,39.9,39.25,39.62,39.56,0.06,0.1517,19845.6,78611.938
301383.SZ,20250813,39.65,39.86,39.22,39.75,39.62,0.13,0.3281,27606.54,109091.354
301383.SZ,20250814,39.79,40.02,38.83,39.29,39.75,-0.46,-1.1572,38015.77,150023.344
301383.SZ,20250815,39.1,39.65,39.1,39.5,39.29,0.21,0.5345,29319.85,115678.279
301383.SZ,20250818,39.75,41.19,39.6,40.49,39.5,0.99,2.5063,43034.07,174099.8
301383.SZ,20250819,40.67,41.98,40.16,41.4,40.49,0.91,2.2475,53478.56,219631.288
301383.SZ,20250820,41.26,42.88,41.12,42.56,41.4,1.16,2.8019,63785.24,268062.794
301383.SZ,20250821,42.44,43.12,41.6,41.85,42.56,-0.71,-1.6682,57596.63,244112.03
301383.SZ,20250822,41.52,42.21,41.5,41.6,41.85,-0.25,-0.5974,36446.63,151995.385
301383.SZ,20250825,42.01,42.64,41.51,41.64,41.6,0.04,0.0962,52631.85,220423.458
301383.SZ,20250826,41.52,43.76,41.18,42.72,41.64,1.08,2.5937,72034.82,306502.84
301383.SZ,20250827,43.09,43.72,41.8,41.8,42.72,-0.92,-2.1536,68146.82,292773.384
301383.SZ,20250828,41.81,42.47,40.28,41.83,41.8,0.03,0.0718,44095.87,182480.284
301383.SZ,20250829,41.75,41.79,39.69,39.9,41.83,-1.93,-4.6139,60619.0,243852.895
301383.SZ,20250901,39.6,40.82,39.6,39.83,39.9,-0.07,-0.1754,35797.01,143174.917
301383.SZ,20250902,39.57,39.65,37.63,38.03,39.83,-1.8,-4.5192,43906.31,168230.002
301383.SZ,20250903,38.03,38.39,36.9,36.92,38.03,-1.11,-2.9187,29293.25,110264.218
301383.SZ,20250904,36.9,37.91,36.0,36.52,36.92,-0.4,-1.0834,29703.6,109816.22
301383.SZ,20250905,36.57,37.19,36.15,37.02,36.52,0.5,1.3691,19910.8,73299.092
301383.SZ,20250908,36.91,37.78,36.81,37.43,37.02,0.41,1.1075,21202.47,78970.466
301383.SZ,20250909,37.26,37.35,36.14,36.38,37.43,-1.05,-2.8052,21602.23,79167.08
301383.SZ,20250910,36.41,36.8,36.2,36.32,36.38,-0.06,-0.1649,15084.0,54996.476
301383.SZ,20250911,36.15,36.83,35.8,36.73,36.32,0.41,1.1289,24232.33,88166.672
301383.SZ,20250912,36.65,36.76,36.25,36.25,36.73,-0.48,-1.3068,23678.3,86417.095
301383.SZ,20250915,36.1,37.2,36.04,36.69,36.25,0.44,1.2138,24817.01,90927.366
301383.SZ,20250916,36.54,37.64,36.54,37.59,36.69,0.9,2.453,31457.54,117150.765
301383.SZ,20250917,37.61,38.84,37.61,38.01,37.59,0.42,1.1173,38794.07,148538.6
301383.SZ,20250918,37.8,38.1,36.51,36.8,38.01,-1.21,-3.1834,34555.34,129332.038
301383.SZ,20250919,36.88,38.84,36.18,38.49,36.8,1.69,4.5924,50096.4,188596.725
301383.SZ,20250922,39.1,39.65,37.96,38.14,38.49,-0.35,-0.9093,49029.63,189785.514
301383.SZ,20250923,38.08,38.35,36.58,37.26,38.14,-0.88,-2.3073,33136.09,123352.848
301383.SZ,20250924,37.27,37.48,36.8,37.42,37.26,0.16,0.4294,21381.74,79609.582
301383.SZ,20250925,37.42,38.0,36.95,37.01,37.42,-0.41,-1.0957,27186.0,101756.051
301383.SZ,20250926,36.82,36.87,36.28,36.31,37.01,-0.7,-1.8914,20007.7,73016.854
301383.SZ,20250929,36.32,36.53,35.81,36.29,36.31,-0.02,-0.0551,14212.31,51397.562
301383.SZ,20250930,36.36,40.4,36.26,39.2,36.29,2.91,8.0187,57895.62,220977.142
301383.SZ,20251009,39.37,39.5,38.42,38.69,39.2,-0.51,-1.301,50302.18,196171.678
301383.SZ,20251010,38.4,38.49,37.48,37.58,38.69,-1.11,-2.869,28205.9,106794.248
301383.SZ,20251013,36.0,36.35,34.6,36.31,37.58,-1.27,-3.3795,27294.71,97804.467
301383.SZ,20251014,36.55,36.88,35.09,35.28,36.31,-1.03,-2.8367,22439.11,80679.352
301383.SZ,20251015,35.28,35.75,34.95,35.46,35.28,0.18,0.5102,14740.0,52167.354
301383.SZ,20251016,35.27,35.51,34.3,34.41,35.46,-1.05,-2.9611,22647.8,78929.353
301383.SZ,20251017,34.41,34.58,33.54,33.54,34.41,-0.87,-2.5283,15903.21,54149.484
301383.SZ,20251020,34.11,34.5,33.72,34.25,33.54,0.71,2.1169,10378.99,35432.984
301383.SZ,20251021,34.32,34.68,34.21,34.64,34.25,0.39,1.1387,11935.47,41233.178
301383.SZ,20251022,34.63,34.87,34.38,34.41,34.64,-0.23,-0.664,9253.82,32022.564
301383.SZ,20251023,34.41,34.75,34.06,34.69,34.41,0.28,0.8137,8126.0,27938.828
301383.SZ,20251024,34.88,35.12,34.48,35.02,34.69,0.33,0.9513,9457.0,33039.518
301383.SZ,20251027,35.15,35.5,35.04,35.41,35.02,0.39,1.1136,12296.9,43435.015
301383.SZ,20251028,35.12,35.86,35.04,35.36,35.41,-0.05,-0.1412,11534.0,40817.992
301383.SZ,20251029,34.88,34.95,34.02,34.12,35.36,-1.24,-3.5068,20721.8,71004.37
301383.SZ,20251030,34.04,34.12,33.23,33.26,34.12,-0.86,-2.5205,17800.98,59892.442
301383.SZ,20251031,33.18,34.22,33.18,34.0,33.26,0.74,2.2249,15299.46,51706.358
301383.SZ,20251103,34.0,34.36,33.53,34.16,34.0,0.16,0.4706,12159.92,41231.742
301383.SZ,20251104,34.16,34.16,33.33,33.55,34.16,-0.61,-1.7857,9674.44,32488.785
301383.SZ,20251105,33.11,34.06,33.11,34.03,33.55,0.48,1.4307,10977.8,37024.254
301383.SZ,20251106,34.0,34.22,33.56,33.75,34.03,-0.28,-0.8228,9057.4,30555.55
301383.SZ,20251107,33.7,33.83,33.37,33.39,33.75,-0.36,-1.0667,7612.4,25546.914
301383.SZ,20251110,33.59,33.67,33.3,33.6,33.39,0.21,0.6289,6446.0,21590.035
301383.SZ,20251111,33.61,33.84,33.36,33.7,33.6,0.1,0.2976,8610.29,28946.34
301383.SZ,20251112,33.71,34.0,33.58,33.89,33.7,0.19,0.5638,10404.95,35207.703
301383.SZ,20251113,34.0,34.84,33.81,33.97,33.89,0.08,0.2361,18994.16,65250.34
301383.SZ,20251114,33.61,34.03,33.44,33.45,33.97,-0.52,-1.5308,8791.38,29663.045
301383.SZ,20251117,33.45,33.68,33.18,33.38,33.45,-0.07,-0.2093,7492.8,25007.631
301383.SZ,20251118,33.2,34.11,33.13,33.42,33.38,0.04,0.1198,13577.0,45449.621
301383.SZ,20251119,33.3,33.52,32.25,32.25,33.42,-1.17,-3.5009,19327.35,63283.261
301383.SZ,20251120,32.55,32.74,31.89,31.97,32.25,-0.28,-0.8682,11129.0,35801.814
301383.SZ,20251121,31.9,32.13,30.6,30.65,31.97,-1.32,-4.1289,15768.4,49026.461
301383.SZ,20251124,30.86,31.44,30.61,31.25,30.65,0.6,1.9576,9864.15,30627.925
301383.SZ,20251125,31.4,33.16,31.38,32.5,31.25,1.25,4.0,24551.62,79553.884
301383.SZ,20251126,32.46,33.65,32.02,32.18,32.5,-0.32,-0.9846,22622.82,73964.763
301383.SZ,20251127,32.18,34.3,32.1,33.45,32.18,1.27,3.9466,39605.9,132627.589
301383.SZ,20251128,33.99,34.8,33.31,33.91,33.45,0.46,1.3752,37535.85,127224.325
301383.SZ,20251201,33.74,40.69,33.71,40.66,33.91,6.75,19.9056,192780.48,742039.909
301383.SZ,20251202,38.96,39.29,37.2,37.66,40.66,-3.0,-7.3783,121996.51,462097.062
301383.SZ,20251203,39.7,40.55,36.8,38.5,37.66,0.84,2.2305,114305.94,436678.278
301383.SZ,20251204,37.7,38.0,36.0,36.79,38.5,-1.71,-4.4416,67032.6,246372.944
301383.SZ,20251205,36.58,37.9,36.3,37.4,36.79,0.61,1.6581,49664.25,184656.586
301383.SZ,20251208,37.3,38.58,36.75,37.92,37.4,0.52,1.3904,60247.55,226349.612
301383.SZ,20251209,37.5,38.24,36.73,37.35,37.92,-0.57,-1.5032,46171.91,172970.089
301383.SZ,20251210,36.9,37.28,35.85,36.2,37.35,-1.15,-3.079,46683.7,170246.257
301383.SZ,20251211,36.36,36.36,34.71,34.88,36.2,-1.32,-3.6464,41541.33,146313.67
301383.SZ,20251212,34.88,36.1,34.68,35.6,34.88,0.72,2.0642,29356.8,104486.397
301383.SZ,20251215,35.53,36.3,35.14,35.75,35.6,0.15,0.4213,25384.33,90663.145
301383.SZ,20251216,35.75,35.76,33.62,33.71,35.75,-2.04,-5.7063,33904.77,116134.312
301383.SZ,20251217,33.65,34.1,32.73,34.0,33.71,0.29,0.8603,24869.5,82982.241
301383.SZ,20251218,33.71,34.27,33.56,33.56,34.0,-0.44,-1.2941,17106.93,58014.84
301383.SZ,20251219,33.89,34.6,33.78,33.91,33.56,0.35,1.0429,16265.79,55332.416
301383.SZ,20251222,33.93,34.19,33.48,33.65,33.91,-0.26,-0.7667,22208.15,75108.522
301383.SZ,20251223,33.58,34.3,33.34,33.36,33.65,-0.29,-0.8618,19892.45,67152.186
301383.SZ,20251224,33.28,34.73,33.25,34.55,33.36,1.19,3.5671,32030.07,109720.391
301383.SZ,20251225,34.34,34.73,33.84,34.38,34.55,-0.17,-0.492,23550.99,80646.509
301383.SZ,20251226,34.21,34.41,33.5,33.59,34.38,-0.79,-2.2978,27695.4,93926.617
301383.SZ,20251229,33.91,34.88,33.7,34.29,33.59,0.7,2.084,30279.52,104057.629
301383.SZ,20251230,34.1,35.95,34.01,35.26,34.29,0.97,2.8288,38857.92,136937.14
301383.SZ,20251231,37.17,37.89,35.33,35.64,35.26,0.38,1.0777,72160.65,259884.534
301383.SZ,20260105,35.64,36.98,35.38,36.9,35.64,1.26,3.5354,57889.38,208946.452
301383.SZ,20260106,37.03,38.54,36.76,37.19,36.9,0.29,0.7859,72542.09,272227.216
301383.SZ,20260107,37.1,37.13,36.03,36.06,37.19,-1.13,-3.0385,47474.77,172879.402
301383.SZ,20260108,35.74,36.76,35.68,36.58,36.06,0.52,1.442,35437.0,129039.931
301383.SZ,20260109,36.35,36.73,36.0,36.52,36.58,-0.06,-0.164,32684.23,118989.393
301383.SZ,20260112,36.65,38.0,36.3,37.99,36.52,1.47,4.0252,57460.4,214668.452
301383.SZ,20260113,37.98,37.99,36.55,36.7,37.99,-1.29,-3.3956,39889.96,148152.031
301383.SZ,20260114,36.88,39.99,36.88,38.52,36.7,1.82,4.9591,94076.4,364195.956
301383.SZ,20260115,37.86,39.35,36.86,37.23,38.52,-1.29,-3.3489,51513.87,193772.072
301383.SZ,20260116,37.24,37.43,36.5,36.85,37.23,-0.38,-1.0207,34411.63,126797.196
301383.SZ,20260119,36.8,36.8,36.28,36.53,36.85,-0.32,-0.8684,20139.98,73666.208
301383.SZ,20260120,36.57,36.98,35.95,36.26,36.53,-0.27,-0.7391,29771.81,108404.941
301383.SZ,20260121,36.0,36.53,35.8,36.3,36.26,0.04,0.1103,17932.1,65057.201
301383.SZ,20260122,35.7,35.98,34.78,35.07,36.3,-1.23,-3.3884,37794.83,132849.239
301383.SZ,20260123,35.0,35.87,34.92,35.84,35.07,0.77,2.1956,21350.13,75665.205
301383.SZ,20260126,35.73,35.8,34.18,34.6,35.84,-1.24,-3.4598,28745.2,99914.834
301383.SZ,20260127,34.66,34.78,33.7,34.68,34.6,0.08,0.2312,16489.6,56478.572
301383.SZ,20260128,34.68,34.98,34.12,34.28,34.68,-0.4,-1.1534,12965.62,44679.501
301383.SZ,20260129,34.0,34.93,33.68,34.08,34.28,-0.2,-0.5834,14725.0,50593.128
301383.SZ,20260130,33.7,34.2,33.41,34.1,34.08,0.02,0.0587,14901.99,50378.35
301383.SZ,20260202,34.0,34.98,33.75,34.35,34.1,0.25,0.7331,19928.28,69026.769
301383.SZ,20260203,34.52,34.83,33.6,34.34,34.35,-0.01,-0.0291,23009.97,78383.54
301383.SZ,20260204,34.14,34.14,33.64,33.96,34.34,-0.38,-1.1066,13302.57,45013.004
301383.SZ,20260205,33.69,34.08,33.67,33.69,33.96,-0.27,-0.7951,7982.0,27015.849
301383.SZ,20260206,33.72,34.77,33.62,34.33,33.69,0.64,1.8997,16170.73,55558.892
301383.SZ,20260209,34.49,35.33,34.25,34.76,34.33,0.43,1.2525,15035.5,52229.809
301383.SZ,20260210,34.6,34.98,34.37,34.83,34.76,0.07,0.2014,9062.41,31513.443
301383.SZ,20260211,34.82,34.9,34.63,34.81,34.83,-0.02,-0.0574,7424.0,25807.961
301383.SZ,20260212,34.78,34.85,34.36,34.53,34.81,-0.28,-0.8044,8684.4,30049.559
301383.SZ,20260213,34.59,34.98,34.48,34.65,34.53,0.12,0.3475,10360.55,36015.845
301383.SZ,20260224,34.8,35.06,34.3,34.92,34.65,0.27,0.7792,12158.57,42243.455
301383.SZ,20260225,34.92,35.01,34.49,34.58,34.92,-0.34,-0.9737,11168.58,38813.551
301383.SZ,20260226,34.79,34.79,33.49,33.59,34.58,-0.99,-2.8629,27741.5,94205.717
301383.SZ,20260227,33.36,34.33,32.71,34.19,33.59,0.6,1.7862,28888.19,96795.294
