ts_code,trade_date,open,high,low,close,pre_close,change,pct_chg,vol,amount
603113.SH,20170511,16.04,19.25,16.04,19.25,13.37,5.88,43.98,287.62,550.459
603113.SH,20170512,21.18,21.18,21.18,21.18,19.25,1.93,10.03,172.47,365.291
603113.SH,20170515,23.3,23.3,23.3,23.3,21.18,2.12,10.01,156.69,365.088
603113.SH,20170516,25.63,25.63,25.63,25.63,23.3,2.33,10.0,398.62,1021.663
603113.SH,20170517,28.19,28.19,28.19,28.19,25.63,2.56,9.99,1848.94,5212.162
603113.SH,20170518,31.01,31.01,31.01,31.01,28.19,2.82,10.0,9550.3,29615.48
603113.SH,20170519,31.2,32.5,28.21,29.33,31.01,-1.68,-5.42,381511.2,1157005.511
603113.SH,20170522,27.01,28.22,26.4,26.4,29.33,-2.93,-9.99,177607.73,480808.14
603113.SH,20170523,25.0,26.14,24.2,24.62,26.4,-1.78,-6.74,181703.16,457910.554
603113.SH,20170524,24.86,25.82,24.68,25.36,24.62,0.74,3.01,136591.93,345312.367
603113.SH,20170525,25.1,25.2,23.0,23.94,25.36,-1.42,-5.6,166648.24,401155.603
603113.SH,20170526,23.88,25.15,23.5,24.42,23.94,0.48,2.01,150939.6,367602.167
603113.SH,20170531,25.2,26.36,24.4,24.45,24.42,0.03,0.12,169474.78,432026.988
603113.SH,20170601,23.63,23.9,22.33,22.41,24.45,-2.04,-8.34,126075.54,292789.045
603113.SH,20170602,22.15,23.42,22.14,23.14,22.41,0.73,3.26,89258.33,203938.893
603113.SH,20170605,23.7,23.95,22.94,22.98,23.14,-0.16,-0.69,99302.02,233568.301
603113.SH,20170606,22.7,23.08,22.51,23.02,22.98,0.04,0.17,56707.18,129326.246
603113.SH,20170607,23.02,23.98,23.02,23.95,23.02,0.93,4.04,108210.02,255696.966
603113.SH,20170608,23.99,23.99,23.17,23.33,23.95,-0.62,-2.59,91685.76,215804.913
603113.SH,20170609,23.35,23.46,22.82,23.08,23.33,-0.25,-1.07,59866.08,138063.435
603113.SH,20170612,22.65,22.66,21.88,22.02,23.08,-1.06,-4.59,77417.31,172526.49
603113.SH,20170613,22.0,22.54,21.91,22.42,22.02,0.4,1.82,50770.79,113479.117
603113.SH,20170614,22.4,22.49,21.96,22.19,22.42,-0.23,-1.03,48812.66,108273.82
603113.SH,20170615,22.12,22.95,22.12,22.68,22.19,0.49,2.21,76343.43,173111.332
603113.SH,20170616,22.64,22.74,22.24,22.36,22.68,-0.32,-1.41,49931.39,111829.934
603113.SH,20170619,22.34,22.67,22.3,22.53,22.36,0.17,0.76,46396.27,104383.872
603113.SH,20170620,22.59,22.71,22.35,22.44,22.53,-0.09,-0.4,49030.22,110350.019
603113.SH,20170621,22.48,22.68,22.25,22.66,22.44,0.22,0.98,47482.27,106838.072
603113.SH,20170622,22.61,22.88,22.2,22.22,22.66,-0.44,-1.94,60882.47,137710.087
603113.SH,20170623,21.9,22.18,21.45,21.86,22.22,-0.36,-1.62,59207.9,129290.204
603113.SH,20170626,21.95,22.17,21.62,22.11,21.86,0.25,1.14,43204.9,94764.225
603113.SH,20170627,22.0,22.56,22.0,22.39,22.11,0.28,1.27,51931.78,115857.988
603113.SH,20170628,22.25,22.29,21.86,21.95,22.39,-0.44,-1.97,35775.4,78618.523
603113.SH,20170629,22.0,24.14,22.0,23.68,21.95,1.73,7.88,190330.56,441476.884
603113.SH,20170630,23.25,23.54,22.97,23.32,23.68,-0.36,-1.52,116967.22,272062.859
603113.SH,20170703,23.25,24.37,23.13,23.95,23.32,0.63,2.7,112450.27,268778.792
603113.SH,20170704,23.72,24.38,23.71,24.01,23.95,0.06,0.25,93945.92,225813.711
603113.SH,20170705,23.99,24.67,23.81,24.53,24.01,0.52,2.17,123415.06,299813.961
603113.SH,20170706,24.44,25.96,24.44,25.24,24.53,0.71,2.89,169117.97,427527.206
603113.SH,20170707,25.7,27.39,25.01,26.65,25.24,1.41,5.59,206369.92,537712.523
603113.SH,20170710,26.24,28.12,26.08,26.3,26.65,-0.35,-1.31,206437.43,557904.081
603113.SH,20170711,26.31,26.66,24.31,24.33,26.3,-1.97,-7.49,186825.23,470066.916
603113.SH,20170712,24.52,25.55,23.8,25.52,24.33,1.19,4.89,155085.32,383887.347
603113.SH,20170713,25.54,26.28,25.01,25.07,25.52,-0.45,-1.76,158323.43,405431.329
603113.SH,20170714,24.79,24.95,24.11,24.44,25.07,-0.63,-2.51,96715.89,237326.598
603113.SH,20170717,24.14,24.37,22.11,22.17,24.44,-2.27,-9.29,124999.33,287628.873
603113.SH,20170718,21.9,23.25,21.81,23.01,22.17,0.84,3.79,93273.65,211965.856
603113.SH,20170719,22.89,25.17,22.88,24.92,23.01,1.91,8.3,152517.62,367236.78
603113.SH,20170720,24.93,25.0,24.37,24.63,24.92,-0.29,-1.16,118028.92,291255.481
603113.SH,20170721,24.42,25.46,24.31,24.78,24.63,0.15,0.61,104074.76,259231.044
603113.SH,20170724,24.5,26.14,24.4,25.86,24.78,1.08,4.36,148545.97,376994.121
603113.SH,20170725,25.6,25.89,25.02,25.35,25.86,-0.51,-1.97,103515.31,262557.183
603113.SH,20170726,25.49,26.12,25.17,25.38,25.35,0.03,0.12,134710.38,346997.229
603113.SH,20170727,24.86,25.16,24.35,25.05,25.38,-0.33,-1.3,120639.59,298822.95
603113.SH,20170728,24.86,26.2,24.55,25.82,25.05,0.77,3.07,144320.96,369117.271
603113.SH,20170731,25.71,27.38,25.71,26.76,25.82,0.94,3.64,188062.72,500441.081
603113.SH,20170801,26.5,26.6,25.51,26.26,26.76,-0.5,-1.87,150266.87,391217.017
603113.SH,20170802,26.2,26.98,25.84,26.17,26.26,-0.09,-0.34,145866.07,384964.567
603113.SH,20170803,26.36,26.88,25.88,26.73,26.17,0.56,2.14,133544.9,353358.387
603113.SH,20170804,26.7,26.75,24.26,24.35,26.73,-2.38,-8.9,172737.28,444367.159
603113.SH,20170807,24.01,24.25,23.66,23.82,24.35,-0.53,-2.18,84474.64,202299.886
603113.SH,20170808,24.5,25.8,24.33,24.85,23.82,1.03,4.32,133338.55,334871.603
603113.SH,20170809,24.88,25.14,24.12,24.52,24.85,-0.33,-1.33,101350.65,249023.422
603113.SH,20170810,24.43,24.43,23.53,23.7,24.52,-0.82,-3.34,88381.67,210783.655
603113.SH,20170811,23.49,24.04,23.31,23.48,23.7,-0.22,-0.93,58033.75,137362.513
603113.SH,20170814,23.49,23.87,23.34,23.78,23.48,0.3,1.28,42231.82,99979.333
603113.SH,20170815,23.73,23.95,23.6,23.89,23.78,0.11,0.46,44707.9,106438.701
603113.SH,20170816,23.97,24.77,23.86,24.6,23.89,0.71,2.97,89756.66,220255.626
603113.SH,20170817,24.8,24.98,24.4,24.68,24.6,0.08,0.33,66928.62,164508.028
603113.SH,20170818,24.75,24.98,24.31,24.62,24.68,-0.06,-0.24,80225.01,197740.378
603113.SH,20170821,24.44,24.73,24.26,24.63,24.62,0.01,0.04,56613.82,138529.829
603113.SH,20170822,24.52,24.65,24.05,24.1,24.63,-0.53,-2.15,58118.48,141247.028
603113.SH,20170823,23.96,24.17,23.6,23.91,24.1,-0.19,-0.79,46544.13,111094.575
603113.SH,20170824,23.91,24.95,23.75,24.42,23.91,0.51,2.13,107398.61,263140.991
603113.SH,20170825,24.5,26.86,24.41,26.86,24.42,2.44,9.99,281058.99,737029.061
603113.SH,20170828,27.3,28.65,26.85,27.81,26.86,0.95,3.54,354680.01,975919.245
603113.SH,20170829,27.2,28.17,27.0,27.14,27.81,-0.67,-2.41,240934.64,659961.464
603113.SH,20170830,26.76,27.57,26.63,27.16,27.14,0.02,0.07,162205.1,440865.039
603113.SH,20170831,26.87,29.45,26.72,28.48,27.16,1.32,4.86,261873.76,740994.485
603113.SH,20170901,28.22,31.33,28.05,30.5,28.48,2.02,7.09,327717.96,981122.652
603113.SH,20170904,30.58,30.58,28.51,28.74,30.5,-1.76,-5.77,237618.32,696108.63
603113.SH,20170905,28.53,29.18,27.9,28.76,28.74,0.02,0.07,145157.44,413389.719
603113.SH,20170906,28.3,28.76,28.04,28.42,28.76,-0.34,-1.18,106748.01,303423.965
603113.SH,20170907,28.62,29.92,28.23,29.64,28.42,1.22,4.29,200257.2,582550.801
603113.SH,20170908,29.1,29.78,28.0,28.51,29.64,-1.13,-3.81,147998.61,429755.655
603113.SH,20170911,27.92,28.75,27.33,28.73,28.51,0.22,0.77,113075.32,317262.105
603113.SH,20170912,28.96,29.95,28.02,28.14,28.73,-0.59,-2.05,161630.01,469056.851
603113.SH,20170913,27.98,30.6,27.95,30.28,28.14,2.14,7.6,231359.54,681324.055
603113.SH,20170914,29.67,30.01,29.01,29.47,30.28,-0.81,-2.68,142294.31,419697.644
603113.SH,20170915,29.32,29.32,28.1,28.39,29.47,-1.08,-3.66,114407.62,327440.17
603113.SH,20170918,28.01,28.6,27.9,28.41,28.39,0.02,0.07,76496.8,215864.378
603113.SH,20170919,28.41,28.54,28.0,28.49,28.41,0.08,0.28,59422.93,167890.193
603113.SH,20170920,28.36,28.49,27.61,28.3,28.49,-0.19,-0.67,77210.12,217215.094
603113.SH,20170921,28.2,28.59,27.02,27.22,28.3,-1.08,-3.82,84074.08,234562.738
603113.SH,20170922,27.0,27.43,26.55,27.2,27.22,-0.02,-0.07,56372.99,152111.452
603113.SH,20170925,27.1,27.48,26.55,26.58,27.2,-0.62,-2.28,40929.99,110528.759
603113.SH,20170926,26.55,27.11,26.55,26.87,26.58,0.29,1.09,40008.4,107371.171
603113.SH,20170927,26.82,27.65,26.82,27.38,26.87,0.51,1.9,51500.17,140729.814
603113.SH,20170928,27.2,27.2,26.8,26.82,27.38,-0.56,-2.05,42059.09,113494.776
603113.SH,20170929,26.7,27.18,26.66,26.99,26.82,0.17,0.63,30312.85,81698.968
603113.SH,20171009,27.4,27.5,26.97,27.15,26.99,0.16,0.59,33787.69,91598.652
603113.SH,20171010,27.09,27.35,26.73,27.32,27.15,0.17,0.63,43275.16,116875.431
603113.SH,20171011,27.18,27.61,26.65,26.68,27.32,-0.64,-2.34,39518.31,106599.591
603113.SH,20171012,26.55,26.74,24.66,25.3,26.68,-1.38,-5.17,104180.64,266221.256
603113.SH,20171013,25.35,25.74,25.11,25.68,25.3,0.38,1.5,37831.39,96496.16
603113.SH,20171016,25.71,25.97,24.82,25.03,25.68,-0.65,-2.53,38444.7,97168.413
603113.SH,20171017,24.69,25.23,24.6,24.99,25.03,-0.04,-0.16,22831.96,57069.923
603113.SH,20171018,25.03,25.14,24.16,24.18,24.99,-0.81,-3.24,37683.96,92754.802
603113.SH,20171019,24.01,24.15,23.38,23.48,24.18,-0.7,-2.9,44901.16,106287.002
603113.SH,20171020,23.6,24.07,23.52,23.99,23.48,0.51,2.17,32988.65,78539.704
603113.SH,20171023,23.85,24.39,23.8,24.37,23.99,0.38,1.58,29435.57,71054.317
603113.SH,20171024,24.37,24.6,23.87,24.2,24.37,-0.17,-0.7,25327.0,61339.959
603113.SH,20171025,24.19,24.66,24.11,24.61,24.2,0.41,1.69,29668.12,72634.936
603113.SH,20171026,24.52,25.11,24.45,25.05,24.61,0.44,1.79,40839.3,101331.584
603113.SH,20171027,25.11,25.3,24.7,24.75,25.05,-0.3,-1.2,36958.49,92124.239
603113.SH,20171030,24.8,24.8,23.72,23.9,24.75,-0.85,-3.43,31951.34,76925.812
603113.SH,20171031,23.89,25.3,23.75,25.03,23.9,1.13,4.73,49374.47,122989.814
603113.SH,20171101,24.98,25.3,24.82,25.27,25.03,0.24,0.96,46094.0,115692.057
603113.SH,20171102,25.49,25.78,25.03,25.06,25.27,-0.21,-0.83,59013.79,150133.663
603113.SH,20171103,24.99,25.0,24.3,24.5,25.06,-0.56,-2.23,38706.24,95392.058
603113.SH,20171106,24.73,25.36,24.38,25.34,24.5,0.84,3.43,39836.32,99430.077
603113.SH,20171107,25.35,25.46,24.93,25.35,25.34,0.01,0.04,40027.96,100785.674
603113.SH,20171108,25.2,25.7,25.11,25.38,25.35,0.03,0.12,50254.57,127790.607
603113.SH,20171109,25.56,26.3,25.56,25.85,25.38,0.47,1.85,70443.69,182791.951
603113.SH,20171110,25.55,25.68,25.13,25.54,25.85,-0.31,-1.2,50674.62,128807.884
603113.SH,20171113,25.49,26.23,25.3,26.19,25.54,0.65,2.55,66042.29,170971.661
603113.SH,20171114,26.04,26.39,25.56,25.6,26.19,-0.59,-2.25,50182.0,130183.615
603113.SH,20171115,25.32,25.43,24.68,24.9,25.6,-0.7,-2.73,43172.3,108238.354
603113.SH,20171116,24.95,25.18,24.24,24.25,24.9,-0.65,-2.61,31649.35,77729.95
603113.SH,20171117,24.25,24.42,23.0,23.03,24.25,-1.22,-5.03,45907.69,108439.999
603113.SH,20171120,22.98,23.46,22.05,23.38,23.03,0.35,1.52,27574.0,62948.318
603113.SH,20171121,23.35,23.48,22.65,23.12,23.38,-0.26,-1.11,27180.25,62798.679
603113.SH,20171122,23.3,23.45,22.72,22.99,23.12,-0.13,-0.56,23567.0,54222.386
603113.SH,20171123,23.04,23.58,22.51,22.57,22.99,-0.42,-1.83,33649.01,78147.011
603113.SH,20171124,22.41,22.8,22.2,22.51,22.57,-0.06,-0.27,20133.6,45365.39
603113.SH,20171127,22.54,22.63,22.0,22.07,22.51,-0.44,-1.95,24581.46,54851.231
603113.SH,20171128,22.03,22.58,21.92,22.51,22.07,0.44,1.99,19407.69,43278.116
603113.SH,20171129,22.52,23.1,22.52,23.01,22.51,0.5,2.22,42536.57,97427.113
603113.SH,20171130,23.28,23.57,22.85,23.48,23.01,0.47,2.04,54356.95,126254.554
603113.SH,20171201,23.3,23.8,22.91,23.18,23.48,-0.3,-1.28,37552.69,87012.266
603113.SH,20171204,23.3,23.48,22.31,22.37,23.18,-0.81,-3.49,34916.16,80073.67
603113.SH,20171205,22.43,22.58,20.94,21.32,22.37,-1.05,-4.69,37723.72,82300.422
603113.SH,20171206,21.32,21.92,21.06,21.9,21.32,0.58,2.72,25460.06,54708.798
603113.SH,20171207,22.0,22.49,21.75,22.25,21.9,0.35,1.6,37264.97,82871.293
603113.SH,20171208,21.85,22.48,21.7,22.28,22.25,0.03,0.13,28178.57,62633.723
603113.SH,20171211,22.33,22.67,22.13,22.53,22.28,0.25,1.12,25947.96,58040.132
603113.SH,20171212,22.43,22.45,21.8,21.84,22.53,-0.69,-3.06,21681.0,48073.75
603113.SH,20171213,21.78,22.15,21.67,22.1,21.84,0.26,1.19,15169.88,33393.917
603113.SH,20171214,22.1,22.12,21.82,21.96,22.1,-0.14,-0.63,14626.24,32097.41
603113.SH,20171215,21.93,22.13,21.75,21.91,21.96,-0.05,-0.23,13267.0,29109.34
603113.SH,20171218,21.97,22.79,21.96,22.72,21.91,0.81,3.7,46589.99,104352.399
603113.SH,20171219,22.51,22.7,22.31,22.54,22.72,-0.18,-0.79,28635.93,64384.786
603113.SH,20171220,22.57,22.68,22.0,22.1,22.54,-0.44,-1.95,20598.43,45907.085
603113.SH,20171221,22.0,22.07,21.5,21.92,22.1,-0.18,-0.81,19821.34,43294.214
603113.SH,20171222,21.81,22.15,21.81,21.89,21.92,-0.03,-0.14,13250.84,29115.489
603113.SH,20171225,21.72,21.9,21.33,21.52,21.89,-0.37,-1.69,15055.0,32448.293
603113.SH,20171226,21.52,22.1,21.43,22.07,21.52,0.55,2.56,23528.95,51561.436
603113.SH,20171227,22.05,22.95,22.05,22.4,22.07,0.33,1.5,58484.62,132264.602
603113.SH,20171228,22.16,22.94,22.13,22.83,22.4,0.43,1.92,43328.36,97873.115
603113.SH,20171229,22.83,22.98,22.45,22.66,22.83,-0.17,-0.74,26842.0,60848.349
603113.SH,20180102,22.66,23.12,22.49,22.97,22.66,0.31,1.37,39952.48,91316.495
603113.SH,20180103,22.87,22.87,22.56,22.75,22.97,-0.22,-0.96,39022.4,88642.568
603113.SH,20180104,22.85,23.48,22.85,23.18,22.75,0.43,1.89,72831.12,169245.88
603113.SH,20180105,23.05,24.5,22.92,23.94,23.18,0.76,3.28,97693.98,233486.394
603113.SH,20180108,23.68,24.66,23.67,24.17,23.94,0.23,0.96,90429.72,219047.429
603113.SH,20180109,23.9,24.08,23.62,23.82,24.17,-0.35,-1.45,56885.9,135241.798
603113.SH,20180110,23.62,23.8,23.16,23.39,23.82,-0.43,-1.81,53965.91,126319.507
603113.SH,20180111,23.23,23.62,23.23,23.37,23.39,-0.02,-0.09,35991.95,84441.9
603113.SH,20180112,23.19,23.36,22.86,23.08,23.37,-0.29,-1.24,36410.54,83769.788
603113.SH,20180115,22.95,23.06,22.21,22.26,23.08,-0.82,-3.55,35990.97,81858.529
603113.SH,20180116,22.09,22.88,22.07,22.63,22.26,0.37,1.66,25980.18,58735.334
603113.SH,20180117,22.63,23.57,22.0,23.3,22.63,0.67,2.96,52348.17,120674.504
603113.SH,20180118,23.25,23.44,22.98,23.28,23.3,-0.02,-0.09,29797.62,69083.853
603113.SH,20180119,23.22,23.45,22.97,23.01,23.28,-0.27,-1.16,30337.0,70414.863
603113.SH,20180122,23.27,23.44,22.71,23.38,23.01,0.37,1.61,38262.37,88658.285
603113.SH,20180123,23.25,23.87,23.12,23.6,23.38,0.22,0.94,40245.93,94750.078
603113.SH,20180124,23.45,23.65,23.15,23.49,23.6,-0.11,-0.47,31791.89,74310.53
603113.SH,20180125,23.5,23.9,23.4,23.75,23.49,0.26,1.11,52206.22,123503.733
603113.SH,20180126,23.68,23.95,23.28,23.29,23.75,-0.46,-1.94,37245.62,87810.641
603113.SH,20180129,23.3,23.66,23.02,23.06,23.29,-0.23,-0.99,29365.57,68447.44
603113.SH,20180130,22.99,23.24,22.6,23.03,23.06,-0.03,-0.13,23911.34,54847.094
603113.SH,20180131,22.0,22.44,21.03,21.29,23.03,-1.74,-7.56,53367.62,116429.738
603113.SH,20180201,21.35,21.58,20.55,20.64,21.29,-0.65,-3.05,25535.77,53632.579
603113.SH,20180202,20.73,21.2,20.16,21.0,20.64,0.36,1.74,24106.82,50278.057
603113.SH,20180205,20.36,21.69,20.36,21.31,21.0,0.31,1.48,28917.0,60968.637
603113.SH,20180206,20.6,20.77,19.18,19.19,21.31,-2.12,-9.95,34020.96,68240.483
603113.SH,20180207,19.8,19.95,19.05,19.36,19.19,0.17,0.89,21519.76,41981.318
603113.SH,20180208,19.36,19.69,19.27,19.53,19.36,0.17,0.88,16992.55,33128.155
603113.SH,20180209,18.83,19.14,18.34,18.6,19.53,-0.93,-4.76,21360.35,40089.695
603113.SH,20180212,18.78,19.08,18.71,18.95,18.6,0.35,1.88,14462.3,27413.267
603113.SH,20180213,19.01,19.2,18.83,18.85,18.95,-0.1,-0.53,11698.96,22283.977
603113.SH,20180214,18.89,18.95,18.75,18.88,18.85,0.03,0.16,9525.0,17951.071
603113.SH,20180222,18.9,19.38,18.9,19.22,18.88,0.34,1.8,16265.37,31143.51
603113.SH,20180223,19.23,19.45,19.1,19.39,19.22,0.17,0.88,15570.84,30016.34
603113.SH,20180226,19.61,20.13,19.6,20.08,19.39,0.69,3.56,28921.54,57450.244
603113.SH,20180227,20.58,20.58,19.81,20.06,20.08,-0.02,-0.1,23623.26,47358.407
603113.SH,20180228,19.9,19.98,19.41,19.9,20.06,-0.16,-0.8,15699.69,31085.102
603113.SH,20180301,19.74,20.15,19.69,19.96,19.9,0.06,0.3,15468.0,30840.807
603113.SH,20180302,20.51,21.42,20.3,20.78,19.96,0.82,4.11,51485.26,107667.956
603113.SH,20180305,20.23,20.65,20.23,20.58,20.78,-0.2,-0.96,22498.19,46040.959
603113.SH,20180306,20.6,20.88,20.34,20.79,20.58,0.21,1.02,29630.14,60995.072
603113.SH,20180307,20.73,21.78,20.7,20.89,20.79,0.1,0.48,46409.24,98853.049
603113.SH,20180308,20.51,21.06,20.31,21.04,20.89,0.15,0.72,31393.14,64867.402
603113.SH,20180309,20.99,21.05,20.7,21.0,21.04,-0.04,-0.19,27599.22,57632.056
603113.SH,20180312,20.77,21.18,20.69,21.15,21.0,0.15,0.71,42036.08,87981.617
603113.SH,20180313,21.0,21.03,20.66,20.68,21.15,-0.47,-2.22,25304.19,52672.299
603113.SH,20180314,20.38,20.63,20.14,20.17,20.68,-0.51,-2.47,21829.0,44538.87
603113.SH,20180315,20.18,20.26,19.55,19.77,20.17,-0.4,-1.98,24557.18,48898.216
603113.SH,20180316,19.68,19.95,19.68,19.72,19.77,-0.05,-0.25,14667.69,29073.448
603113.SH,20180319,19.71,19.92,19.57,19.79,19.72,0.07,0.36,14492.69,28672.385
603113.SH,20180320,19.59,19.68,19.3,19.62,19.79,-0.17,-0.86,18590.27,36219.699
603113.SH,20180321,19.68,19.97,19.6,19.63,19.62,0.01,0.05,18208.05,36098.607
603113.SH,20180322,19.63,19.92,19.52,19.82,19.63,0.19,0.97,14117.8,27903.934
603113.SH,20180323,19.19,19.27,17.91,17.99,19.82,-1.83,-9.23,32313.0,60335.91
603113.SH,20180326,17.46,18.17,17.35,18.07,17.99,0.08,0.44,19594.06,34701.61
603113.SH,20180327,18.36,18.98,18.18,18.95,18.07,0.88,4.87,29940.89,55644.417
603113.SH,20180328,19.3,19.32,18.92,19.0,18.95,0.05,0.26,35259.6,67352.61
603113.SH,20180329,18.9,19.09,18.7,19.02,19.0,0.02,0.11,19181.21,36248.721
603113.SH,20180330,19.08,19.27,18.95,19.2,19.02,0.18,0.95,20549.18,39244.096
603113.SH,20180402,19.27,19.4,18.84,18.86,19.2,-0.34,-1.77,26892.19,51267.829
603113.SH,20180403,18.49,18.49,18.15,18.29,18.86,-0.57,-3.02,23276.1,42564.382
603113.SH,20180404,18.37,18.55,18.34,18.35,18.29,0.06,0.33,16514.0,30461.109
603113.SH,20180409,18.34,18.84,18.26,18.82,18.35,0.47,2.56,18195.79,33808.591
603113.SH,20180410,18.83,19.29,18.73,19.16,18.82,0.34,1.81,27338.37,52019.884
603113.SH,20180411,19.14,19.27,18.86,19.06,19.16,-0.1,-0.52,26662.71,50920.664
603113.SH,20180412,18.91,19.47,18.85,19.4,19.06,0.34,1.78,36116.04,69561.402
603113.SH,20180413,19.4,20.44,19.29,20.02,19.4,0.62,3.2,63115.66,126435.747
603113.SH,20180416,19.6,19.6,18.71,18.84,20.02,-1.18,-5.89,44694.92,85261.254
603113.SH,20180417,18.96,18.96,18.18,18.21,18.84,-0.63,-3.34,26603.76,49429.516
603113.SH,20180418,18.47,18.48,17.92,18.4,18.21,0.19,1.04,17457.5,31920.52
603113.SH,20180419,18.21,18.7,18.21,18.4,18.4,0.0,0.0,15628.01,28858.225
603113.SH,20180420,18.28,18.39,17.55,17.58,18.4,-0.82,-4.46,23863.0,42759.96
603113.SH,20180423,17.5,18.09,17.0,17.67,17.58,0.09,0.51,12162.59,21490.028
603113.SH,20180424,17.87,18.5,17.64,18.37,17.67,0.7,3.96,27289.62,49849.213
603113.SH,20180425,18.2,18.37,18.17,18.23,18.37,-0.14,-0.76,13957.03,25471.545
603113.SH,20180426,18.26,18.4,17.44,17.6,18.23,-0.63,-3.46,16505.8,29594.913
603113.SH,20180427,17.65,18.05,17.65,17.72,17.6,0.12,0.68,10532.0,18757.026
603113.SH,20180502,17.86,18.15,17.78,17.89,17.72,0.17,0.96,12207.9,21901.901
603113.SH,20180503,17.85,18.28,17.71,18.25,17.89,0.36,2.01,18514.96,33424.132
603113.SH,20180504,18.18,18.38,17.96,18.01,18.25,-0.24,-1.32,13263.0,24055.615
603113.SH,20180507,18.01,18.32,17.96,18.31,18.01,0.3,1.67,18347.16,33403.681
603113.SH,20180508,18.09,18.18,18.02,18.06,18.31,-0.25,-1.37,26698.1,48301.766
603113.SH,20180509,18.06,18.95,18.01,18.93,18.06,0.87,4.82,53479.45,98862.356
603113.SH,20180510,18.66,18.84,18.43,18.64,18.93,-0.29,-1.53,44007.98,82062.914
603113.SH,20180511,18.67,18.67,18.22,18.24,18.64,-0.4,-2.15,33271.23,61111.934
603113.SH,20180514,17.36,17.37,16.45,16.47,18.24,-1.77,-9.7,80201.29,134574.274
603113.SH,20180515,16.45,16.56,16.35,16.49,16.47,0.02,0.12,45982.46,75584.411
603113.SH,20180516,16.4,16.45,16.26,16.36,16.49,-0.13,-0.79,26862.0,43908.276
603113.SH,20180517,16.06,16.43,16.01,16.35,16.36,-0.01,-0.06,32302.38,52591.791
603113.SH,20180518,16.4,16.64,16.4,16.59,16.35,0.24,1.47,70080.41,116122.708
603113.SH,20180521,16.65,16.65,16.44,16.63,16.59,0.04,0.24,58764.41,97324.81
603113.SH,20180522,16.6,16.6,16.38,16.57,16.63,-0.06,-0.36,48354.41,79689.523
603113.SH,20180523,16.5,16.56,16.24,16.26,16.57,-0.31,-1.87,35739.0,58545.275
603113.SH,20180524,16.27,16.36,16.16,16.25,16.26,-0.01,-0.06,23168.0,37697.079
603113.SH,20180525,16.22,16.38,16.01,16.11,16.25,-0.14,-0.86,33015.0,53511.407
603113.SH,20180528,16.05,16.19,15.52,15.65,16.11,-0.46,-2.86,26783.96,42094.747
603113.SH,20180529,15.69,16.47,15.62,16.09,15.65,0.44,2.81,41168.04,65995.576
603113.SH,20180530,15.65,15.73,15.22,15.31,15.94,-0.63,-3.95,25740.0,39897.245
603113.SH,20180531,15.45,15.65,15.36,15.46,15.31,0.15,0.98,18806.0,29078.389
603113.SH,20180601,15.38,15.63,15.21,15.34,15.46,-0.12,-0.78,24474.0,37775.071
603113.SH,20180604,15.35,15.48,15.26,15.47,15.34,0.13,0.85,16882.62,25998.676
603113.SH,20180605,15.59,15.59,15.0,15.38,15.47,-0.09,-0.58,52694.62,80759.378
603113.SH,20180606,15.28,15.37,15.2,15.29,15.38,-0.09,-0.59,26285.0,40108.155
603113.SH,20180607,15.3,15.49,15.27,15.37,15.29,0.08,0.52,43899.0,67569.821
603113.SH,20180608,14.8,14.8,13.9,14.18,15.37,-1.19,-7.74,79005.62,112673.094
603113.SH,20180611,14.17,14.17,13.81,13.92,14.18,-0.26,-1.83,30836.09,43070.663
603113.SH,20180612,13.91,14.21,13.82,14.12,13.92,0.2,1.44,31940.23,44801.795
603113.SH,20180613,14.24,14.24,13.81,13.86,14.12,-0.26,-1.84,24593.75,34426.581
603113.SH,20180614,13.88,14.3,13.86,14.28,13.86,0.42,3.03,42523.0,60091.865
603113.SH,20180615,14.4,15.37,14.35,15.04,14.28,0.76,5.32,103914.23,153079.783
603113.SH,20180619,14.52,14.55,13.54,13.6,15.04,-1.44,-9.57,69734.0,97854.729
603113.SH,20180620,13.5,14.08,13.0,13.91,13.6,0.31,2.28,38705.69,53306.896
603113.SH,20180621,13.91,14.95,13.87,14.34,13.91,0.43,3.09,72232.69,104421.043
603113.SH,20180622,14.11,14.77,13.8,14.73,14.34,0.39,2.72,79027.69,114504.054
603113.SH,20180625,14.88,14.89,14.38,14.44,14.73,-0.29,-1.97,57074.0,83315.264
603113.SH,20180626,14.18,14.33,14.06,14.22,14.44,-0.22,-1.52,53107.0,75421.721
603113.SH,20180627,14.22,14.37,13.89,14.08,14.22,-0.14,-0.98,43849.57,61829.494
603113.SH,20180628,14.12,14.25,13.52,13.58,14.08,-0.5,-3.55,41878.65,58444.791
603113.SH,20180629,13.72,14.11,13.6,14.07,13.58,0.49,3.61,51572.03,71309.414
603113.SH,20180702,14.19,14.3,13.64,13.73,14.07,-0.34,-2.42,38326.0,53431.389
603113.SH,20180703,13.77,13.95,13.3,13.95,13.73,0.22,1.6,38496.69,52964.441
603113.SH,20180704,13.9,14.33,13.72,14.16,13.95,0.21,1.51,66830.96,94091.507
603113.SH,20180705,14.14,14.16,13.5,13.52,14.16,-0.64,-4.52,48067.96,66224.944
603113.SH,20180706,13.5,13.74,13.14,13.59,13.52,0.07,0.52,38184.0,51624.7
603113.SH,20180709,13.63,14.03,13.59,14.01,13.59,0.42,3.09,39747.19,55075.857
603113.SH,20180710,13.92,14.31,13.9,14.26,14.01,0.25,1.78,53237.96,75429.595
603113.SH,20180711,14.03,14.03,13.55,13.74,14.26,-0.52,-3.65,42554.19,58538.756
603113.SH,20180712,13.73,14.32,13.73,14.28,13.74,0.54,3.93,61786.15,87427.631
603113.SH,20180713,14.28,14.29,14.13,14.21,14.28,-0.07,-0.49,43022.0,61128.317
603113.SH,20180716,14.18,14.65,14.18,14.42,14.21,0.21,1.48,71004.69,102719.171
603113.SH,20180717,14.42,14.45,14.14,14.36,14.42,-0.06,-0.42,46242.68,65941.902
603113.SH,20180718,14.3,14.74,14.3,14.46,14.36,0.1,0.7,72312.96,105131.034
603113.SH,20180719,14.35,14.53,14.22,14.35,14.46,-0.11,-0.76,36781.0,52711.48
603113.SH,20180720,14.34,14.4,14.04,14.34,14.35,-0.01,-0.0697,46738.9,66443.591
603113.SH,20180723,14.32,14.58,14.13,14.54,14.34,0.2,1.3947,85685.61,122984.387
603113.SH,20180724,14.4,14.86,14.35,14.75,14.54,0.21,1.4443,105507.33,154573.152
603113.SH,20180725,14.76,15.18,14.63,14.91,14.75,0.16,1.0847,93168.55,138738.846
603113.SH,20180726,14.91,15.12,14.71,15.04,14.91,0.13,0.8719,69517.82,103596.19
603113.SH,20180727,15.01,15.9,15.0,15.25,15.04,0.21,1.3963,113547.96,174900.268
603113.SH,20180730,15.8,15.98,15.32,15.51,15.25,0.26,1.7049,123980.41,193573.584
603113.SH,20180731,15.24,15.57,14.97,15.08,15.51,-0.43,-2.7724,69062.41,105276.339
603113.SH,20180801,15.4,15.55,14.72,14.79,15.08,-0.29,-1.9231,65160.23,99143.163
603113.SH,20180802,14.7,15.08,13.76,15.06,14.79,0.27,1.8256,76379.96,110758.404
603113.SH,20180803,15.13,16.55,15.13,15.96,15.06,0.9,5.9761,188564.13,300810.101
603113.SH,20180806,15.8,16.35,15.43,16.26,15.96,0.3,1.8797,140565.25,225079.326
603113.SH,20180807,16.28,16.99,16.05,16.6,16.26,0.34,2.091,150020.92,247013.465
603113.SH,20180808,16.3,16.39,16.06,16.1,16.6,-0.5,-3.012,92647.65,149993.363
603113.SH,20180809,15.89,16.74,15.58,16.46,16.1,0.36,2.236,115942.62,188313.031
603113.SH,20180810,16.4,17.13,16.4,16.59,16.46,0.13,0.7898,113265.84,189532.901
603113.SH,20180813,16.23,16.73,16.1,16.57,16.59,-0.02,-0.1206,84772.71,138559.686
603113.SH,20180814,16.56,17.44,16.55,17.4,16.57,0.83,5.0091,158482.81,271358.867
603113.SH,20180815,17.4,17.4,16.83,17.06,17.4,-0.34,-1.954,99717.96,170102.652
603113.SH,20180816,16.78,17.58,16.4,17.44,17.06,0.38,2.2274,106483.85,182616.022
603113.SH,20180817,17.3,18.23,17.18,17.93,17.44,0.49,2.8096,189596.29,337302.694
603113.SH,20180820,17.7,18.2,17.04,17.33,17.93,-0.6,-3.3463,156659.82,274225.548
603113.SH,20180821,16.9,16.99,16.3,16.51,17.33,-0.82,-4.7317,188757.5,313668.439
603113.SH,20180822,16.51,17.05,16.32,16.43,16.51,-0.08,-0.4846,127396.32,213153.132
603113.SH,20180823,16.02,16.12,15.38,15.87,16.43,-0.56,-3.4084,161096.47,253609.499
603113.SH,20180824,15.63,15.73,15.41,15.51,15.87,-0.36,-2.2684,77989.15,121424.621
603113.SH,20180827,15.56,15.85,15.51,15.8,15.51,0.29,1.8698,77993.05,122302.491
603113.SH,20180828,15.71,16.13,15.4,15.98,15.8,0.18,1.1392,107386.91,168959.589
603113.SH,20180829,15.94,15.94,15.5,15.57,15.98,-0.41,-2.5657,57971.15,91009.806
603113.SH,20180830,15.55,15.64,14.5,14.7,15.57,-0.87,-5.5877,128589.31,192751.292
603113.SH,20180831,14.53,14.7,14.19,14.25,14.7,-0.45,-3.0612,60774.93,87627.455
603113.SH,20180903,14.21,14.33,13.86,14.1,14.25,-0.15,-1.0526,54640.76,76706.503
603113.SH,20180904,14.14,14.48,13.91,14.41,14.1,0.31,2.1986,65082.79,92768.959
603113.SH,20180905,14.3,14.3,13.59,13.6,14.41,-0.81,-5.6211,106479.99,148441.387
603113.SH,20180906,13.55,13.77,13.33,13.47,13.6,-0.13,-0.9559,61258.56,82938.845
603113.SH,20180907,13.56,13.86,13.46,13.62,13.47,0.15,1.1136,69710.11,95277.848
603113.SH,20180910,13.62,13.65,13.12,13.18,13.62,-0.44,-3.2305,61471.91,82004.299
603113.SH,20180911,13.09,13.15,12.34,12.44,13.18,-0.74,-5.6146,148625.18,188024.055
603113.SH,20180912,12.42,12.68,12.35,12.51,12.44,0.07,0.5627,69627.77,87235.466
603113.SH,20180913,12.64,12.75,12.46,12.65,12.51,0.14,1.1191,50945.55,64270.586
603113.SH,20180914,12.59,12.83,12.43,12.69,12.65,0.04,0.3162,54381.18,68935.07
603113.SH,20180917,12.36,12.36,11.42,11.8,12.69,-0.89,-7.0134,86782.76,102385.171
603113.SH,20180918,12.06,12.34,11.78,12.23,11.8,0.43,3.6441,65021.04,78131.037
603113.SH,20180919,12.24,12.66,12.21,12.48,12.23,0.25,2.0442,69451.83,86768.048
603113.SH,20180920,12.52,12.62,12.37,12.54,12.48,0.06,0.4808,46523.92,58223.262
603113.SH,20180921,12.5,12.88,12.43,12.88,12.54,0.34,2.7113,73464.15,93683.47
603113.SH,20180925,12.75,13.12,12.6,12.73,12.88,-0.15,-1.1646,57562.91,74038.339
603113.SH,20180926,12.77,12.88,12.44,12.49,12.73,-0.24,-1.8853,69388.37,87845.001
603113.SH,20180927,12.57,12.89,12.47,12.47,12.49,-0.02,-0.1601,93916.1,119133.288
603113.SH,20180928,12.37,12.56,12.17,12.45,12.47,-0.02,-0.1604,66384.24,82207.562
603113.SH,20181008,12.11,12.45,12.08,12.13,12.45,-0.32,-2.5703,46866.53,57305.843
603113.SH,20181009,12.25,12.58,12.16,12.54,12.13,0.41,3.38,62350.06,77444.768
603113.SH,20181010,12.66,13.11,12.52,13.02,12.54,0.48,3.8278,103516.65,132906.092
603113.SH,20181011,12.48,12.72,11.85,12.1,13.02,-0.92,-7.0661,95128.09,117441.562
603113.SH,20181012,12.05,12.45,11.46,12.38,12.1,0.28,2.314,75153.76,90191.161
603113.SH,20181015,12.28,12.45,12.11,12.17,12.38,-0.21,-1.6963,60919.35,74698.704
603113.SH,20181016,12.18,12.25,11.4,11.49,12.17,-0.68,-5.5875,59487.72,70082.902
603113.SH,20181017,11.65,11.83,11.48,11.77,11.49,0.28,2.4369,50110.08,58470.462
603113.SH,20181018,11.71,11.79,11.28,11.3,11.77,-0.47,-3.9932,42840.65,49352.928
603113.SH,20181019,11.15,11.2,10.6,11.11,11.3,-0.19,-1.6814,83379.63,91288.725
603113.SH,20181022,11.05,11.99,11.05,11.79,11.11,0.68,6.1206,80540.5,93519.833
603113.SH,20181023,11.76,12.16,11.68,11.97,11.79,0.18,1.5267,76429.52,91322.104
603113.SH,20181024,11.96,12.05,11.68,11.89,11.97,-0.08,-0.6683,46168.25,54706.704
603113.SH,20181025,11.5,11.75,11.4,11.68,11.89,-0.21,-1.7662,38159.59,44045.54
603113.SH,20181026,12.08,12.66,12.03,12.23,11.68,0.55,4.7089,101793.44,125053.354
603113.SH,20181029,12.14,12.33,11.89,12.03,12.23,-0.2,-1.6353,59882.36,72657.686
603113.SH,20181030,12.02,12.15,11.58,11.96,12.03,-0.07,-0.5819,76166.69,90366.981
603113.SH,20181031,11.96,12.65,11.91,12.5,11.96,0.54,4.5151,94713.98,116974.606
603113.SH,20181101,12.51,12.67,12.4,12.4,12.5,-0.1,-0.8,89852.7,112326.545
603113.SH,20181102,12.5,12.8,12.43,12.74,12.4,0.34,2.7419,83780.91,105587.957
603113.SH,20181105,12.75,12.95,12.42,12.65,12.74,-0.09,-0.7064,94124.37,119130.086
603113.SH,20181106,12.63,12.63,12.4,12.55,12.65,-0.1,-0.7905,51213.66,64043.815
603113.SH,20181107,12.6,12.87,12.55,12.6,12.55,0.05,0.3984,76110.38,96609.953
603113.SH,20181108,12.71,12.78,12.3,12.36,12.6,-0.24,-1.9048,56468.0,70950.703
603113.SH,20181109,12.53,13.1,12.49,12.69,12.36,0.33,2.6699,141889.6,182105.025
603113.SH,20181112,12.5,13.04,12.43,13.03,12.69,0.34,2.6793,88507.65,113732.776
603113.SH,20181113,12.82,13.18,12.78,13.11,13.03,0.08,0.614,86180.97,111962.088
603113.SH,20181114,13.09,13.31,12.92,13.19,13.11,0.08,0.6102,90956.03,119789.419
603113.SH,20181115,13.15,13.56,13.06,13.55,13.19,0.36,2.7293,91338.71,121642.543
603113.SH,20181116,13.56,13.61,13.39,13.44,13.55,-0.11,-0.8118,86452.53,116436.026
603113.SH,20181119,13.39,13.48,13.19,13.37,13.44,-0.07,-0.5208,59061.0,78485.59
603113.SH,20181120,13.2,13.46,13.1,13.12,13.37,-0.25,-1.8699,70263.0,93449.053
603113.SH,20181121,12.95,13.04,12.78,12.94,13.12,-0.18,-1.372,62446.0,80572.287
603113.SH,20181122,13.0,13.17,12.92,13.05,12.94,0.11,0.8501,43109.0,56196.046
603113.SH,20181123,13.05,13.06,12.14,12.15,13.05,-0.9,-6.8966,74398.0,93060.839
603113.SH,20181126,12.13,12.28,11.58,11.64,12.15,-0.51,-4.1975,71718.0,85009.135
603113.SH,20181127,11.77,11.93,11.62,11.74,11.64,0.1,0.8591,47415.99,55796.941
603113.SH,20181128,11.74,11.87,11.46,11.82,11.74,0.08,0.6814,55602.1,65113.896
603113.SH,20181129,11.9,12.11,11.55,11.6,11.82,-0.22,-1.8613,59701.0,70935.922
603113.SH,20181130,11.49,11.64,11.34,11.54,11.6,-0.06,-0.5172,59274.0,68246.359
603113.SH,20181203,11.9,12.08,11.74,11.97,11.54,0.43,3.7262,85531.0,101968.373
603113.SH,20181204,11.92,12.24,11.89,12.22,11.97,0.25,2.0886,72801.66,87800.772
603113.SH,20181205,11.99,12.16,11.9,12.01,12.22,-0.21,-1.7185,59883.73,71906.465
603113.SH,20181206,11.93,11.97,11.6,11.67,12.01,-0.34,-2.831,50974.03,60012.47
603113.SH,20181207,11.67,11.95,11.64,11.9,11.67,0.23,1.9709,46487.0,54850.561
603113.SH,20181210,11.95,12.14,11.87,11.98,11.9,0.08,0.6723,68680.26,82388.588
603113.SH,20181211,12.09,12.09,11.88,12.0,11.98,0.02,0.1669,42537.0,50966.847
603113.SH,20181212,12.0,12.07,11.9,11.92,12.0,-0.08,-0.6667,34042.46,40727.012
603113.SH,20181213,11.95,12.14,11.86,12.04,11.92,0.12,1.0067,52974.84,63751.425
603113.SH,20181214,12.0,12.02,11.66,11.68,12.04,-0.36,-2.99,43979.29,52074.684
603113.SH,20181217,11.6,11.87,11.54,11.78,11.68,0.1,0.8562,32496.51,38121.343
603113.SH,20181218,11.77,11.85,11.62,11.77,11.78,-0.01,-0.0849,35697.33,41929.259
603113.SH,20181219,11.77,11.85,11.5,11.51,11.77,-0.26,-2.209,31972.0,37176.643
603113.SH,20181220,11.51,11.68,11.47,11.6,11.51,0.09,0.7819,28364.35,32876.596
603113.SH,20181221,11.51,11.82,11.47,11.76,11.6,0.16,1.3793,44816.61,52068.946
603113.SH,20181224,11.72,11.76,11.61,11.63,11.76,-0.13,-1.1054,50394.43,58829.277
603113.SH,20181225,11.55,11.55,11.09,11.21,11.63,-0.42,-3.6113,61268.29,68811.313
603113.SH,20181226,11.2,11.3,11.1,11.11,11.21,-0.1,-0.8921,51612.19,57682.326
603113.SH,20181227,11.28,11.31,11.0,11.0,11.11,-0.11,-0.9901,57941.65,64659.898
603113.SH,20181228,11.06,11.1,10.9,10.97,11.0,-0.03,-0.2727,32862.99,36170.675
603113.SH,20190102,10.97,11.05,10.88,10.9,10.97,-0.07,-0.6381,27962.16,30574.643
603113.SH,20190103,10.93,11.04,10.89,10.92,10.9,0.02,0.1835,32957.0,36083.068
603113.SH,20190104,10.81,11.17,10.71,11.13,10.92,0.21,1.9231,47355.0,52102.75
603113.SH,20190107,11.22,11.28,11.13,11.24,11.13,0.11,0.9883,54193.48,60722.948
603113.SH,20190108,11.25,11.26,11.14,11.17,11.24,-0.07,-0.6228,32734.28,36582.837
603113.SH,20190109,10.95,11.12,10.9,10.92,10.94,-0.02,-0.1828,50015.92,55118.922
603113.SH,20190110,10.94,10.98,10.84,10.87,10.92,-0.05,-0.4579,32143.0,35075.595
603113.SH,20190111,10.88,11.1,10.85,11.09,10.87,0.22,2.0239,48463.63,53291.67
603113.SH,20190114,11.17,11.55,11.12,11.38,11.09,0.29,2.615,101716.61,115301.323
603113.SH,20190115,11.21,11.29,11.11,11.28,11.38,-0.1,-0.8787,73261.69,81980.732
603113.SH,20190116,11.25,11.39,11.17,11.28,11.28,0.0,0.0,51484.44,57951.198
603113.SH,20190117,11.26,11.64,11.16,11.5,11.28,0.22,1.9504,120751.81,138392.129
603113.SH,20190118,11.45,12.39,11.37,12.07,11.5,0.57,4.9565,181675.6,213931.803
603113.SH,20190121,12.09,12.09,11.8,11.84,12.07,-0.23,-1.9056,123284.87,146646.342
603113.SH,20190122,11.83,12.04,11.73,11.86,11.84,0.02,0.1689,88224.03,104774.048
603113.SH,20190123,11.75,12.43,11.69,12.1,11.86,0.24,2.0236,113977.8,137915.262
603113.SH,20190124,12.05,12.13,11.84,11.95,12.1,-0.15,-1.2397,77168.44,92123.657
603113.SH,20190125,11.9,12.09,11.75,11.92,11.95,-0.03,-0.251,67015.47,79830.032
603113.SH,20190128,12.16,12.24,11.98,12.07,11.92,0.15,1.2584,86797.85,105131.823
603113.SH,20190129,12.07,12.1,11.64,11.89,12.07,-0.18,-1.4913,77021.57,91253.396
603113.SH,20190130,11.89,12.43,11.81,12.2,11.89,0.31,2.6072,113785.46,139178.561
603113.SH,20190131,12.16,12.35,12.01,12.32,12.2,0.12,0.9836,94117.36,114685.449
603113.SH,20190201,12.36,12.42,12.21,12.37,12.32,0.05,0.4058,72264.59,89116.613
603113.SH,20190211,12.01,12.18,11.78,12.17,12.37,-0.2,-1.6168,133873.55,160440.439
603113.SH,20190212,12.04,12.4,12.04,12.39,12.17,0.22,1.8077,113734.23,138837.13
603113.SH,20190213,12.4,12.67,12.31,12.6,12.39,0.21,1.6949,135206.09,169656.641
603113.SH,20190214,12.55,12.59,12.41,12.5,12.6,-0.1,-0.7937,79685.41,99537.088
603113.SH,20190215,12.43,12.45,12.15,12.18,12.5,-0.32,-2.56,100697.0,123867.037
603113.SH,20190218,12.22,12.58,12.22,12.57,12.18,0.39,3.202,103147.99,127921.059
603113.SH,20190219,12.57,12.74,12.33,12.47,12.57,-0.1,-0.7955,111561.64,139487.51
603113.SH,20190220,12.43,12.64,12.38,12.59,12.47,0.12,0.9623,96826.54,121224.264
603113.SH,20190221,12.66,12.66,12.33,12.36,12.59,-0.23,-1.8268,119102.73,148771.283
603113.SH,20190222,12.31,12.45,12.23,12.45,12.36,0.09,0.7282,83870.05,103573.73
603113.SH,20190225,12.55,13.15,12.51,13.07,12.45,0.62,4.9799,189320.78,243517.255
603113.SH,20190226,13.21,13.77,13.04,13.26,13.07,0.19,1.4537,232863.44,312398.057
603113.SH,20190227,12.98,13.36,12.9,13.07,13.26,-0.19,-1.4329,173041.43,226614.304
603113.SH,20190228,13.08,13.3,12.96,13.14,13.07,0.07,0.5356,97039.11,127073.74
603113.SH,20190301,13.19,13.27,12.95,13.13,13.14,-0.01,-0.0761,82370.81,107643.023
603113.SH,20190304,13.17,13.53,13.17,13.28,13.13,0.15,1.1424,181982.77,243256.63
603113.SH,20190305,13.19,13.42,13.1,13.41,13.28,0.13,0.9789,127993.01,169307.105
603113.SH,20190306,13.43,13.85,13.28,13.85,13.41,0.44,3.2811,205502.18,279283.803
603113.SH,20190307,13.71,14.14,13.69,14.0,13.85,0.15,1.083,191891.6,266806.699
603113.SH,20190308,13.76,13.76,13.12,13.12,14.0,-0.88,-6.2857,164351.16,222055.033
603113.SH,20190311,13.15,13.67,13.14,13.66,13.12,0.54,4.1159,127143.96,171056.312
603113.SH,20190312,13.78,14.18,13.7,13.88,13.66,0.22,1.6105,170096.73,236357.641
603113.SH,20190313,13.87,13.87,13.4,13.46,13.88,-0.42,-3.0259,118973.89,162240.778
603113.SH,20190314,13.48,13.7,13.2,13.32,13.46,-0.14,-1.0401,86618.6,116076.471
603113.SH,20190315,13.39,13.68,13.35,13.68,13.32,0.36,2.7027,107786.51,145886.134
603113.SH,20190318,13.91,14.24,13.81,14.22,13.68,0.54,3.9474,183990.21,258262.939
603113.SH,20190319,14.19,14.19,13.88,13.99,14.22,-0.23,-1.6174,140068.64,196427.679
603113.SH,20190320,14.0,14.57,14.0,14.44,13.99,0.45,3.2166,217214.22,310856.947
603113.SH,20190321,14.37,14.5,14.21,14.35,14.44,-0.09,-0.6233,136879.84,196114.503
603113.SH,20190322,14.35,14.37,13.93,14.27,14.35,-0.08,-0.5575,130620.78,184817.457
603113.SH,20190325,13.98,14.17,13.91,14.0,14.27,-0.27,-1.8921,85380.93,120054.956
603113.SH,20190326,14.04,14.1,13.46,13.49,14.0,-0.51,-3.6429,111106.78,153142.48
603113.SH,20190327,13.65,13.89,13.53,13.67,13.49,0.18,1.3343,95331.0,130446.609
603113.SH,20190328,13.55,13.72,13.28,13.3,13.67,-0.37,-2.7067,97841.69,132437.381
603113.SH,20190329,13.34,13.7,13.02,13.67,13.3,0.37,2.782,122454.48,164763.837
603113.SH,20190401,13.7,15.04,13.7,14.94,13.67,1.27,9.2904,326003.52,471061.578
603113.SH,20190402,15.08,15.67,14.79,15.33,14.94,0.39,2.6104,314741.25,478662.997
603113.SH,20190403,15.19,15.64,15.06,15.38,15.33,0.05,0.3262,182531.34,279477.161
603113.SH,20190404,15.5,16.26,15.3,15.9,15.38,0.52,3.381,278259.91,437727.122
603113.SH,20190408,16.55,17.35,16.07,16.7,15.9,0.8,5.0314,332317.39,553634.722
603113.SH,20190409,16.44,16.44,15.81,15.95,16.7,-0.75,-4.491,210548.17,338096.196
603113.SH,20190410,15.95,16.58,15.5,16.19,15.95,0.24,1.5047,204469.76,327606.971
603113.SH,20190411,16.06,17.15,15.9,16.19,16.19,0.0,0.0,254168.09,417441.118
603113.SH,20190412,16.06,16.77,16.06,16.35,16.19,0.16,0.9883,185685.0,305199.098
603113.SH,20190415,16.68,16.84,15.7,15.71,16.35,-0.64,-3.9144,196123.08,316983.627
603113.SH,20190416,15.51,16.2,15.42,16.17,15.71,0.46,2.9281,132974.17,211987.839
603113.SH,20190417,16.42,17.79,16.23,17.55,16.17,1.38,8.5343,473092.23,821899.31
603113.SH,20190418,17.55,18.63,17.11,18.09,17.55,0.54,3.0769,444328.83,788846.406
603113.SH,20190419,17.62,18.25,17.4,17.71,18.09,-0.38,-2.1006,272028.66,483900.456
603113.SH,20190422,17.85,18.6,17.56,17.99,17.71,0.28,1.581,259636.14,468116.762
603113.SH,20190423,17.4,17.94,16.3,16.4,17.99,-1.59,-8.8382,311439.99,530429.945
603113.SH,20190424,16.63,17.2,16.41,17.09,16.4,0.69,4.2073,198139.72,334096.425
603113.SH,20190425,17.0,17.0,15.5,15.83,17.09,-1.26,-7.3727,284510.16,460113.969
603113.SH,20190426,14.41,14.74,14.25,14.25,15.83,-1.58,-9.981,314671.91,453525.752
603113.SH,20190429,13.9,13.91,13.12,13.19,14.25,-1.06,-7.4386,231610.29,311147.083
603113.SH,20190430,13.08,13.47,13.08,13.26,13.19,0.07,0.5307,105474.06,140535.292
603113.SH,20190506,12.85,12.85,11.93,11.98,13.26,-1.28,-9.6531,167740.56,206565.833
603113.SH,20190507,12.18,12.43,11.9,12.19,11.98,0.21,1.7529,121450.4,147773.439
603113.SH,20190508,11.8,12.35,11.68,12.14,12.19,-0.05,-0.4102,106788.39,129145.618
603113.SH,20190509,12.0,12.27,11.91,11.99,12.14,-0.15,-1.2356,70677.96,85472.434
603113.SH,20190510,12.12,12.48,11.7,12.4,11.99,0.41,3.4195,149011.6,181539.828
603113.SH,20190513,12.2,12.28,11.83,11.97,12.4,-0.43,-3.4677,131360.04,158309.111
603113.SH,20190514,11.78,11.97,11.66,11.68,11.97,-0.29,-2.4227,108506.37,127838.644
603113.SH,20190515,11.82,12.1,11.7,12.05,11.68,0.37,3.1678,133162.59,159117.381
603113.SH,20190516,12.07,12.36,12.03,12.29,12.05,0.24,1.9917,153930.92,188595.485
603113.SH,20190517,12.22,12.33,11.56,11.67,12.29,-0.62,-5.0448,140433.0,167384.772
603113.SH,20190520,11.64,11.67,11.15,11.35,11.67,-0.32,-2.7421,102097.09,115535.865
603113.SH,20190521,11.36,11.74,11.3,11.72,11.35,0.37,3.2599,92337.34,107031.269
603113.SH,20190522,11.88,12.03,11.46,11.57,11.72,-0.15,-1.2799,114920.83,135303.008
603113.SH,20190523,11.41,11.75,11.24,11.42,11.57,-0.15,-1.2965,100991.32,115866.453
603113.SH,20190524,11.38,11.58,11.3,11.41,11.42,-0.01,-0.0876,66142.0,75449.401
603113.SH,20190527,11.41,11.78,11.33,11.74,11.41,0.33,2.8922,99178.42,115358.525
603113.SH,20190528,11.67,11.85,11.52,11.52,11.74,-0.22,-1.8739,106128.5,124066.665
603113.SH,20190529,11.47,11.75,11.43,11.66,11.52,0.14,1.2153,76729.13,89159.745
603113.SH,20190530,11.65,11.66,11.28,11.52,11.66,-0.14,-1.2007,80858.13,92536.355
603113.SH,20190531,11.45,11.62,11.34,11.41,11.52,-0.11,-0.9549,64756.13,74215.559
603113.SH,20190603,11.36,11.37,10.83,10.85,11.41,-0.56,-4.908,118644.01,130770.018
603113.SH,20190604,10.85,10.86,10.66,10.7,10.85,-0.15,-1.3825,56275.2,60638.248
603113.SH,20190605,10.85,10.88,10.67,10.72,10.7,0.02,0.1869,48043.0,51798.03
603113.SH,20190606,10.72,10.75,10.38,10.42,10.72,-0.3,-2.7985,62405.24,65458.977
603113.SH,20190610,10.44,10.63,10.38,10.58,10.42,0.16,1.5355,41727.55,43847.048
603113.SH,20190611,10.6,11.0,10.53,11.0,10.58,0.42,3.9698,85475.36,92689.575
603113.SH,20190612,10.93,10.99,10.81,10.83,11.0,-0.17,-1.5455,66707.35,72760.885
603113.SH,20190613,10.79,11.25,10.79,11.2,10.83,0.37,3.4164,97678.91,108315.915
603113.SH,20190614,11.2,11.2,10.8,10.81,11.2,-0.39,-3.4821,69983.57,76986.785
603113.SH,20190617,10.77,10.87,10.72,10.76,10.81,-0.05,-0.4625,35462.78,38242.081
603113.SH,20190618,10.73,10.82,10.64,10.71,10.76,-0.05,-0.4647,29206.77,31295.145
603113.SH,20190619,10.98,11.06,10.89,10.89,10.71,0.18,1.6807,71839.68,78821.365
603113.SH,20190620,10.87,11.21,10.82,11.19,10.89,0.3,2.7548,74307.14,82305.957
603113.SH,20190621,11.3,11.39,11.2,11.28,11.19,0.09,0.8043,78528.0,88530.351
603113.SH,20190624,11.34,11.46,11.15,11.31,11.28,0.03,0.266,63323.21,71600.275
603113.SH,20190625,11.35,11.35,11.05,11.18,11.31,-0.13,-1.1494,54552.69,60826.841
603113.SH,20190626,11.19,11.21,11.07,11.11,11.18,-0.07,-0.6261,35493.0,39514.673
603113.SH,20190627,11.16,11.26,11.11,11.18,11.11,0.07,0.6301,45742.0,51178.894
603113.SH,20190628,11.23,11.23,10.92,11.02,11.18,-0.16,-1.4311,43700.78,48264.482
603113.SH,20190701,11.28,11.37,11.16,11.36,11.02,0.34,3.0853,84751.32,95687.504
603113.SH,20190702,11.44,11.44,11.3,11.33,11.36,-0.03,-0.2641,53433.14,60761.56
603113.SH,20190703,11.34,11.34,11.14,11.19,11.33,-0.14,-1.2357,46401.32,52019.76
603113.SH,20190704,11.23,11.38,11.21,11.3,11.19,0.11,0.983,57586.46,65032.391
603113.SH,20190705,11.34,11.69,11.24,11.69,11.3,0.39,3.4513,117440.72,135648.55
603113.SH,20190708,11.64,11.69,11.05,11.17,11.69,-0.52,-4.4482,90579.1,102356.88
603113.SH,20190709,11.15,11.28,11.08,11.26,11.17,0.09,0.8057,45061.0,50490.047
603113.SH,20190710,11.22,11.22,11.06,11.13,11.26,-0.13,-1.1545,43784.93,48765.538
603113.SH,20190711,11.14,11.25,11.0,11.06,11.13,-0.07,-0.6289,38686.86,43092.173
603113.SH,20190712,11.02,11.16,11.0,11.08,11.06,0.02,0.1808,29723.83,32979.328
603113.SH,20190715,11.06,11.14,10.86,11.08,11.08,0.0,0.0,40078.14,44141.739
603113.SH,20190716,11.08,11.13,11.04,11.13,11.08,0.05,0.4513,29661.14,32901.74
603113.SH,20190717,11.14,11.6,11.07,11.35,11.13,0.22,1.9766,72104.11,81484.691
603113.SH,20190718,11.18,11.2,11.02,11.03,11.35,-0.32,-2.8194,47750.0,52951.08
603113.SH,20190719,11.0,11.17,11.0,11.07,11.03,0.04,0.3626,40785.35,45261.021
603113.SH,20190722,11.23,11.64,11.01,11.45,11.07,0.38,3.4327,174113.46,198680.634
603113.SH,20190723,11.46,12.48,11.37,12.13,11.45,0.68,5.9389,272620.56,323646.434
603113.SH,20190724,12.0,12.38,11.81,12.08,12.13,-0.05,-0.4122,204719.61,246913.575
603113.SH,20190725,12.02,12.07,11.81,11.87,12.08,-0.21,-1.7384,121591.51,144831.773
603113.SH,20190726,11.91,12.54,11.89,12.47,11.87,0.6,5.0548,246914.66,303712.03
603113.SH,20190729,12.27,12.66,12.19,12.56,12.47,0.09,0.7217,163331.55,203532.51
603113.SH,20190730,12.44,12.55,12.31,12.32,12.56,-0.24,-1.9108,109041.27,135255.064
603113.SH,20190731,12.26,12.43,12.06,12.13,12.32,-0.19,-1.5422,84191.93,102896.505
603113.SH,20190801,12.16,12.31,11.95,12.08,12.13,-0.05,-0.4122,87366.11,105845.441
603113.SH,20190802,11.65,12.12,11.58,11.76,12.08,-0.32,-2.649,113284.45,133239.471
603113.SH,20190805,11.62,11.68,11.2,11.22,11.76,-0.54,-4.5918,115104.64,131665.571
603113.SH,20190806,10.94,10.94,10.48,10.69,11.22,-0.53,-4.7237,104098.85,111361.828
603113.SH,20190807,10.77,10.84,10.61,10.63,10.69,-0.06,-0.5613,44083.83,47297.554
603113.SH,20190808,10.64,10.78,10.64,10.65,10.63,0.02,0.1881,38467.39,41124.558
603113.SH,20190809,10.74,10.77,10.14,10.26,10.65,-0.39,-3.662,102427.48,106829.255
603113.SH,20190812,10.28,10.4,10.13,10.39,10.26,0.13,1.2671,42039.0,43226.96
603113.SH,20190813,10.26,10.39,10.21,10.27,10.39,-0.12,-1.155,29898.3,30728.572
603113.SH,20190814,10.37,10.54,10.37,10.41,10.27,0.14,1.3632,56190.42,58762.284
603113.SH,20190815,10.11,10.36,10.01,10.34,10.41,-0.07,-0.6724,40412.76,41178.992
603113.SH,20190816,10.26,10.49,10.26,10.36,10.34,0.02,0.1934,42330.0,44019.501
603113.SH,20190819,10.46,10.73,10.41,10.69,10.36,0.33,3.1853,66637.07,70684.107
603113.SH,20190820,10.83,11.19,10.76,10.86,10.69,0.17,1.5903,103508.0,113711.457
603113.SH,20190821,10.87,10.96,10.78,10.8,10.86,-0.06,-0.5525,64926.04,70483.736
603113.SH,20190822,10.85,10.89,10.68,10.85,10.8,0.05,0.463,64259.02,69354.772
603113.SH,20190823,10.79,10.89,10.61,10.65,10.85,-0.2,-1.8433,60909.69,65260.836
603113.SH,20190826,10.4,10.66,10.32,10.5,10.65,-0.15,-1.4085,56048.79,58785.821
603113.SH,20190827,10.65,10.82,10.55,10.74,10.5,0.24,2.2857,64900.89,69620.939
603113.SH,20190828,10.68,10.8,10.65,10.71,10.74,-0.03,-0.2793,60537.89,64863.735
603113.SH,20190829,10.73,10.84,10.7,10.78,10.71,0.07,0.6536,54546.0,58850.983
603113.SH,20190830,10.82,10.86,10.4,10.47,10.78,-0.31,-2.8757,72510.0,77063.354
603113.SH,20190902,10.47,10.78,10.46,10.78,10.47,0.31,2.9608,63261.0,67556.154
603113.SH,20190903,10.78,10.86,10.74,10.86,10.78,0.08,0.7421,55607.11,60066.733
603113.SH,20190904,10.86,10.93,10.8,10.93,10.86,0.07,0.6446,68480.0,74442.329
603113.SH,20190905,10.94,11.21,10.93,11.06,10.93,0.13,1.1894,102172.26,113652.385
603113.SH,20190906,11.1,11.28,11.03,11.23,11.06,0.17,1.5371,74291.08,83020.694
603113.SH,20190909,11.37,11.4,11.18,11.36,11.23,0.13,1.1576,76253.42,86034.338
603113.SH,20190910,11.35,11.43,11.24,11.36,11.36,0.0,0.0,62682.99,70969.475
603113.SH,20190911,11.42,11.92,11.4,11.47,11.36,0.11,0.9683,131534.11,153239.798
603113.SH,20190912,11.5,11.8,11.5,11.66,11.47,0.19,1.6565,89505.85,104406.646
603113.SH,20190916,11.9,11.96,11.58,11.62,11.66,-0.04,-0.3431,81537.16,95495.385
603113.SH,20190917,11.68,11.68,11.18,11.23,11.62,-0.39,-3.3563,92762.91,105242.593
603113.SH,20190918,11.26,11.35,11.16,11.17,11.23,-0.06,-0.5343,54043.8,60725.171
603113.SH,20190919,11.25,11.3,11.11,11.29,11.17,0.12,1.0743,50457.48,56589.293
603113.SH,20190920,11.23,11.36,11.21,11.24,11.29,-0.05,-0.4429,46646.76,52563.723
603113.SH,20190923,11.25,11.25,10.86,10.97,11.24,-0.27,-2.4021,61596.6,67655.07
603113.SH,20190924,10.99,11.09,10.93,10.99,10.97,0.02,0.1823,42439.63,46756.072
603113.SH,20190925,10.91,10.95,10.72,10.72,10.99,-0.27,-2.4568,42489.31,45942.739
603113.SH,20190926,10.83,10.88,10.49,10.5,10.72,-0.22,-2.0522,50200.75,53340.397
603113.SH,20190927,10.55,10.74,10.55,10.67,10.5,0.17,1.619,29682.2,31625.526
603113.SH,20190930,10.74,10.97,10.74,10.75,10.67,0.08,0.7498,48411.41,52511.066
603113.SH,20191008,10.94,11.28,10.81,11.26,10.75,0.51,4.7442,89679.01,99099.148
603113.SH,20191009,11.16,11.78,11.14,11.72,11.26,0.46,4.0853,161724.54,186654.381
603113.SH,20191010,11.68,11.72,11.36,11.51,11.72,-0.21,-1.7918,122092.49,140421.179
603113.SH,20191011,11.33,11.34,11.04,11.14,11.51,-0.37,-3.2146,136627.11,152332.54
603113.SH,20191014,11.14,11.28,11.1,11.21,11.14,0.07,0.6284,96180.52,107681.76
603113.SH,20191015,11.15,11.17,10.9,10.92,11.21,-0.29,-2.587,58369.0,64113.966
603113.SH,20191016,10.94,10.99,10.9,10.93,10.92,0.01,0.0916,35019.51,38325.958
603113.SH,20191017,10.93,11.03,10.86,10.94,10.93,0.01,0.0915,30097.88,32936.914
603113.SH,20191018,10.94,10.99,10.74,10.76,10.94,-0.18,-1.6453,34578.58,37538.461
603113.SH,20191021,10.76,10.85,10.69,10.83,10.76,0.07,0.6506,20182.0,21762.789
603113.SH,20191022,10.85,11.13,10.82,11.12,10.83,0.29,2.6777,39765.36,43737.862
603113.SH,20191023,11.07,11.13,10.95,10.99,11.12,-0.13,-1.1691,27227.66,29971.635
603113.SH,20191024,10.93,11.03,10.86,10.92,10.99,-0.07,-0.6369,21865.58,23926.788
603113.SH,20191025,10.92,10.99,10.81,10.99,10.92,0.07,0.641,27554.94,30047.059
603113.SH,20191028,10.93,11.07,10.93,11.06,10.99,0.07,0.6369,42572.5,46890.329
603113.SH,20191029,11.06,11.07,10.7,10.74,11.06,-0.32,-2.8933,50757.59,55140.528
603113.SH,20191030,10.7,10.76,10.51,10.53,10.74,-0.21,-1.9553,37251.2,39359.639
603113.SH,20191031,10.55,10.62,10.46,10.48,10.53,-0.05,-0.4748,31695.0,33420.864
603113.SH,20191101,10.46,10.64,10.45,10.59,10.48,0.11,1.0496,27411.69,28909.51
603113.SH,20191104,10.59,10.64,10.31,10.37,10.59,-0.22,-2.0774,61714.51,64292.488
603113.SH,20191105,10.37,10.43,10.28,10.39,10.37,0.02,0.1929,36361.8,37682.798
603113.SH,20191106,10.4,10.43,10.26,10.27,10.39,-0.12,-1.155,31134.05,32206.137
603113.SH,20191107,10.29,10.44,10.29,10.41,10.27,0.14,1.3632,25716.83,26696.635
603113.SH,20191108,10.55,10.55,10.37,10.38,10.41,-0.03,-0.2882,21766.68,22723.179
603113.SH,20191111,10.35,10.35,10.07,10.1,10.38,-0.28,-2.6975,36708.05,37238.143
603113.SH,20191112,10.1,10.18,10.06,10.18,10.1,0.08,0.7921,19472.74,19730.985
603113.SH,20191113,10.16,10.25,10.12,10.19,10.18,0.01,0.0982,19406.19,19756.376
603113.SH,20191114,10.21,10.25,10.12,10.2,10.19,0.01,0.0981,17137.05,17464.222
603113.SH,20191115,10.19,10.21,10.1,10.11,10.2,-0.09,-0.8824,19420.17,19670.781
603113.SH,20191118,10.11,10.17,10.05,10.15,10.11,0.04,0.3956,16476.6,16677.135
603113.SH,20191119,10.13,10.3,10.13,10.27,10.15,0.12,1.1823,32878.53,33669.172
603113.SH,20191120,10.25,10.46,10.23,10.35,10.27,0.08,0.779,37362.9,38726.435
603113.SH,20191121,10.35,10.41,10.23,10.25,10.35,-0.1,-0.9662,30170.54,31094.144
603113.SH,20191122,10.25,10.35,10.08,10.13,10.25,-0.12,-1.1707,40460.3,41220.589
603113.SH,20191125,10.23,10.59,10.22,10.47,10.13,0.34,3.3564,98092.93,102502.458
603113.SH,20191126,10.35,10.44,10.3,10.3,10.47,-0.17,-1.6237,60775.84,62955.739
603113.SH,20191127,10.23,10.28,10.11,10.15,10.3,-0.15,-1.4563,44798.0,45696.602
603113.SH,20191128,10.16,10.18,10.1,10.1,10.15,-0.05,-0.4926,39641.32,40121.672
603113.SH,20191129,10.18,10.2,10.1,10.16,10.1,0.06,0.5941,29394.48,29817.275
603113.SH,20191202,10.19,10.2,10.1,10.1,10.16,-0.06,-0.5906,28929.0,29300.685
603113.SH,20191203,10.1,10.15,10.04,10.15,10.1,0.05,0.495,29064.95,29347.121
603113.SH,20191204,10.14,10.19,10.1,10.14,10.15,-0.01,-0.0985,24301.17,24636.129
603113.SH,20191205,10.19,10.26,10.15,10.25,10.14,0.11,1.0848,36371.79,37131.001
603113.SH,20191206,10.24,10.33,10.22,10.31,10.25,0.06,0.5854,34872.74,35823.273
603113.SH,20191209,10.37,10.37,10.26,10.35,10.31,0.04,0.388,38293.36,39454.97
603113.SH,20191210,10.32,10.33,10.19,10.28,10.35,-0.07,-0.6763,33687.69,34542.239
603113.SH,20191211,10.25,10.33,10.24,10.28,10.28,0.0,0.0,26183.95,26948.816
603113.SH,20191212,10.26,10.28,10.17,10.18,10.28,-0.1,-0.9728,34116.0,34872.94
603113.SH,20191213,10.22,10.38,10.22,10.35,10.18,0.17,1.6699,43552.57,44857.632
603113.SH,20191216,10.45,10.47,10.33,10.46,10.35,0.11,1.0628,56208.71,58470.359
603113.SH,20191217,10.45,10.65,10.42,10.61,10.46,0.15,1.434,86848.15,91839.76
603113.SH,20191218,10.58,10.67,10.54,10.55,10.61,-0.06,-0.5655,77214.43,81767.595
603113.SH,20191219,10.55,10.77,10.54,10.73,10.55,0.18,1.7062,70257.69,74770.377
603113.SH,20191220,10.71,10.76,10.62,10.62,10.73,-0.11,-1.0252,53923.8,57575.663
603113.SH,20191223,10.61,10.66,10.35,10.37,10.62,-0.25,-2.354,49702.0,52123.581
603113.SH,20191224,10.37,10.62,10.37,10.6,10.37,0.23,2.2179,39985.29,41983.888
603113.SH,20191225,10.61,10.68,10.52,10.57,10.6,-0.03,-0.283,39332.0,41641.078
603113.SH,20191226,10.56,10.83,10.56,10.82,10.57,0.25,2.3652,80170.49,85906.057
603113.SH,20191227,10.82,10.87,10.66,10.7,10.82,-0.12,-1.1091,70418.3,75789.586
603113.SH,20191230,10.55,10.65,10.42,10.64,10.55,0.09,0.8531,51508.31,54354.755
603113.SH,20191231,10.59,10.81,10.58,10.79,10.64,0.15,1.4098,68162.06,73062.186
603113.SH,20200102,10.86,10.92,10.78,10.79,10.79,0.0,0.0,107753.83,116673.923
603113.SH,20200103,10.82,10.91,10.74,10.83,10.79,0.04,0.3707,66008.96,71457.091
603113.SH,20200106,10.75,10.96,10.71,10.89,10.83,0.06,0.554,83129.7,90368.884
603113.SH,20200107,10.91,11.31,10.91,11.18,10.89,0.29,2.663,142631.96,159165.734
603113.SH,20200108,11.1,11.39,10.95,10.95,11.18,-0.23,-2.0572,143041.43,159495.001
603113.SH,20200109,11.08,11.27,11.08,11.16,10.95,0.21,1.9178,79015.94,88256.243
603113.SH,20200110,11.16,11.28,11.0,11.08,11.16,-0.08,-0.7168,59617.83,66210.976
603113.SH,20200113,11.04,11.11,10.91,11.07,11.08,-0.01,-0.0903,57086.77,62714.584
603113.SH,20200114,11.07,11.16,11.03,11.06,11.07,-0.01,-0.0903,56516.73,62583.535
603113.SH,20200115,11.03,11.09,10.93,10.95,11.06,-0.11,-0.9946,46490.25,51012.702
603113.SH,20200116,10.98,11.24,10.98,11.0,10.95,0.05,0.4566,64310.69,71347.637
603113.SH,20200117,10.97,11.18,10.97,11.06,11.0,0.06,0.5455,47707.92,52868.507
603113.SH,20200120,11.01,11.1,10.93,11.0,11.06,-0.06,-0.5425,47977.75,52717.005
603113.SH,20200121,10.97,10.97,10.69,10.7,11.0,-0.3,-2.7273,66954.73,72287.754
603113.SH,20200122,10.71,10.74,10.5,10.73,10.7,0.03,0.2804,47874.96,50815.362
603113.SH,20200123,10.63,10.68,10.23,10.35,10.73,-0.38,-3.5415,61494.17,64385.376
603113.SH,20200203,9.32,9.45,9.32,9.32,10.35,-1.03,-9.9517,76011.09,70968.99
603113.SH,20200204,9.1,9.34,9.1,9.28,9.32,-0.04,-0.4292,83903.23,77596.647
603113.SH,20200205,9.3,9.54,9.28,9.39,9.28,0.11,1.1853,71883.46,67702.715
603113.SH,20200206,9.43,9.53,9.31,9.48,9.39,0.09,0.9585,75013.07,70647.559
603113.SH,20200207,9.43,9.54,9.38,9.53,9.48,0.05,0.5274,56254.32,53141.038
603113.SH,20200210,9.45,9.7,9.4,9.68,9.53,0.15,1.574,65496.32,62877.113
603113.SH,20200211,9.72,10.07,9.64,9.8,9.68,0.12,1.2397,91655.53,90607.243
603113.SH,20200212,9.76,9.9,9.72,9.89,9.8,0.09,0.9184,50355.57,49524.048
603113.SH,20200213,9.86,10.02,9.77,9.86,9.89,-0.03,-0.3033,62959.8,62346.521
603113.SH,20200214,9.81,9.89,9.73,9.78,9.86,-0.08,-0.8114,49477.0,48509.916
603113.SH,20200217,9.8,10.02,9.8,10.0,9.78,0.22,2.2495,72418.14,71930.124
603113.SH,20200218,9.99,10.21,9.95,10.17,10.0,0.17,1.7,91642.92,92448.011
603113.SH,20200219,10.77,10.88,10.33,10.34,10.17,0.17,1.6716,160702.56,169653.61
603113.SH,20200220,10.3,10.68,10.23,10.62,10.34,0.28,2.7079,142993.01,150207.023
603113.SH,20200221,10.55,10.63,10.45,10.5,10.62,-0.12,-1.1299,112360.08,118235.142
603113.SH,20200224,10.41,10.42,10.26,10.35,10.5,-0.15,-1.4286,94919.04,98042.583
603113.SH,20200225,10.08,10.2,9.92,10.15,10.35,-0.2,-1.9324,100933.99,101959.727
603113.SH,20200226,10.03,10.35,9.97,10.21,10.15,0.06,0.5911,101842.88,104180.994
603113.SH,20200227,10.22,10.3,10.02,10.1,10.21,-0.11,-1.0774,62816.97,63672.071
603113.SH,20200228,9.89,9.95,9.55,9.6,10.1,-0.5,-4.9505,94418.22,92240.096
603113.SH,20200302,9.65,10.04,9.65,10.02,9.6,0.42,4.375,72711.89,72208.293
603113.SH,20200303,10.15,10.29,10.04,10.08,10.02,0.06,0.5988,70681.95,71755.711
603113.SH,20200304,10.05,10.27,10.0,10.27,10.08,0.19,1.8849,58592.76,59531.608
603113.SH,20200305,10.3,10.44,10.27,10.43,10.27,0.16,1.5579,94277.44,97950.931
603113.SH,20200306,10.32,10.65,10.25,10.57,10.43,0.14,1.3423,134355.33,140887.513
603113.SH,20200309,10.41,10.49,9.99,10.11,10.57,-0.46,-4.3519,107646.25,110228.506
603113.SH,20200310,10.03,10.23,9.8,10.21,10.11,0.1,0.9891,104694.76,105062.097
603113.SH,20200311,10.23,10.37,10.13,10.13,10.21,-0.08,-0.7835,69033.88,70771.606
603113.SH,20200312,10.01,10.04,9.9,9.95,10.13,-0.18,-1.7769,55853.67,55584.95
603113.SH,20200313,9.61,9.95,9.45,9.85,9.95,-0.1,-1.005,72132.91,69822.895
603113.SH,20200316,9.95,9.98,9.66,9.66,9.85,-0.19,-1.9289,54897.13,53921.368
603113.SH,20200317,9.71,9.82,9.41,9.62,9.66,-0.04,-0.4141,43607.64,41811.812
603113.SH,20200318,9.71,9.79,9.47,9.49,9.62,-0.13,-1.3514,40697.04,39321.653
603113.SH,20200319,9.49,9.64,9.39,9.62,9.49,0.13,1.3699,41049.22,39013.947
603113.SH,20200320,9.7,9.79,9.58,9.67,9.62,0.05,0.5198,29218.24,28179.345
603113.SH,20200323,9.58,9.58,9.38,9.38,9.67,-0.29,-2.999,32073.0,30383.195
603113.SH,20200324,9.5,9.6,9.39,9.57,9.38,0.19,2.0256,29565.38,28073.598
603113.SH,20200325,9.7,9.77,9.6,9.67,9.57,0.1,1.0449,30668.0,29669.68
603113.SH,20200326,9.65,9.67,9.55,9.56,9.67,-0.11,-1.1375,22379.53,21492.601
603113.SH,20200327,9.61,9.69,9.56,9.59,9.56,0.03,0.3138,22776.42,21905.645
603113.SH,20200330,9.52,9.55,9.38,9.46,9.59,-0.13,-1.3556,27863.6,26275.079
603113.SH,20200331,9.53,9.59,9.45,9.45,9.46,-0.01,-0.1057,19314.0,18360.938
603113.SH,20200401,9.47,9.48,9.34,9.35,9.45,-0.1,-1.0582,22786.6,21466.404
603113.SH,20200402,9.29,9.45,9.29,9.45,9.35,0.1,1.0695,26541.5,24866.912
603113.SH,20200403,9.45,9.45,9.33,9.34,9.45,-0.11,-1.164,25954.0,24324.1
603113.SH,20200407,9.46,9.56,9.41,9.56,9.34,0.22,2.3555,46829.1,44436.518
603113.SH,20200408,9.5,9.61,9.48,9.53,9.56,-0.03,-0.3138,28667.9,27369.004
603113.SH,20200409,9.57,9.65,9.55,9.61,9.53,0.08,0.8395,41142.38,39562.813
603113.SH,20200410,9.61,9.61,9.37,9.42,9.61,-0.19,-1.9771,35482.27,33562.808
603113.SH,20200413,9.36,9.57,9.32,9.55,9.42,0.13,1.38,26470.57,24970.067
603113.SH,20200414,9.53,9.6,9.49,9.58,9.55,0.03,0.3141,27001.95,25783.756
603113.SH,20200415,9.55,9.61,9.43,9.45,9.58,-0.13,-1.357,25320.19,24114.457
603113.SH,20200416,9.44,9.48,9.34,9.41,9.45,-0.04,-0.4233,29772.44,27982.891
603113.SH,20200417,9.43,9.53,9.35,9.36,9.41,-0.05,-0.5313,39858.07,37664.568
603113.SH,20200420,9.46,9.62,9.45,9.54,9.36,0.18,1.9231,46917.39,44684.462
603113.SH,20200421,9.46,9.48,9.35,9.4,9.54,-0.14,-1.4675,40422.99,37997.14
603113.SH,20200422,9.4,9.49,9.35,9.45,9.4,0.05,0.5319,29589.87,27881.136
603113.SH,20200423,9.47,9.47,9.33,9.34,9.45,-0.11,-1.164,32045.52,30067.585
603113.SH,20200424,9.35,9.46,9.25,9.32,9.34,-0.02,-0.2141,35809.66,33494.321
603113.SH,20200427,9.3,9.31,9.13,9.16,9.32,-0.16,-1.7167,35900.82,32995.101
603113.SH,20200428,9.15,9.2,8.62,8.94,9.16,-0.22,-2.4017,38857.06,34691.041
603113.SH,20200429,8.9,9.04,8.86,9.02,8.94,0.08,0.8949,24492.55,21929.724
603113.SH,20200430,9.55,9.74,9.38,9.68,9.02,0.66,7.3171,132478.99,126607.177
603113.SH,20200506,9.53,10.11,9.5,10.11,9.68,0.43,4.4421,126278.4,124701.799
603113.SH,20200507,10.0,10.29,9.92,10.07,10.11,-0.04,-0.3956,104373.28,105771.218
603113.SH,20200508,10.11,10.18,9.99,10.02,10.07,-0.05,-0.4965,77192.1,77736.057
603113.SH,20200511,10.17,10.45,10.06,10.36,10.02,0.34,3.3932,117995.24,121600.152
603113.SH,20200512,10.32,10.36,10.18,10.22,10.36,-0.14,-1.3514,65800.07,67550.109
603113.SH,20200513,10.2,10.24,10.05,10.18,10.22,-0.04,-0.3914,76900.62,78065.637
603113.SH,20200514,10.1,10.13,9.97,9.98,10.18,-0.2,-1.9646,54530.14,54740.153
603113.SH,20200515,10.06,10.1,9.88,9.89,9.98,-0.09,-0.9018,44757.0,44704.647
603113.SH,20200518,9.9,10.02,9.86,9.9,9.89,0.01,0.1011,49098.27,48742.252
603113.SH,20200519,10.0,10.28,9.99,10.13,9.9,0.23,2.3232,75308.27,76213.672
603113.SH,20200520,10.07,10.11,9.82,9.85,10.13,-0.28,-2.7641,68709.19,68260.107
603113.SH,20200521,9.86,9.98,9.83,9.95,9.85,0.1,1.0152,52502.98,52014.037
603113.SH,20200522,9.97,10.14,9.75,9.76,9.95,-0.19,-1.9095,70416.43,69802.557
603113.SH,20200525,9.74,9.84,9.63,9.84,9.76,0.08,0.8197,43916.92,42786.315
603113.SH,20200526,9.81,9.98,9.79,9.97,9.84,0.13,1.3211,49203.55,48861.684
603113.SH,20200527,9.92,10.26,9.86,10.11,9.97,0.14,1.4042,87596.33,88575.999
603113.SH,20200528,10.07,10.18,9.95,10.08,10.11,-0.03,-0.2967,54214.1,54485.083
603113.SH,20200529,10.05,10.18,10.04,10.08,10.08,0.0,0.0,42674.81,43109.037
603113.SH,20200601,10.13,10.31,10.09,10.24,10.08,0.16,1.5873,78078.35,79906.883
603113.SH,20200602,10.3,10.57,10.26,10.57,10.24,0.33,3.2227,116352.27,121299.152
603113.SH,20200603,10.54,10.61,10.38,10.39,10.57,-0.18,-1.7029,96039.56,100708.998
603113.SH,20200604,10.45,10.7,10.32,10.59,10.39,0.2,1.9249,100617.26,106110.626
603113.SH,20200605,10.69,10.69,10.37,10.48,10.59,-0.11,-1.0387,65428.27,68700.887
603113.SH,20200608,10.53,10.82,10.51,10.69,10.48,0.21,2.0038,101009.67,107935.869
603113.SH,20200609,10.6,10.66,10.51,10.56,10.69,-0.13,-1.2161,60878.85,64417.142
603113.SH,20200610,10.59,10.76,10.42,10.64,10.56,0.08,0.7576,77804.55,82402.771
603113.SH,20200611,10.62,10.95,10.57,10.78,10.64,0.14,1.3158,129283.69,140025.281
603113.SH,20200612,10.59,10.85,10.53,10.68,10.78,-0.1,-0.9276,86785.03,92896.263
603113.SH,20200615,10.68,10.82,10.52,10.56,10.68,-0.12,-1.1236,63926.36,68082.591
603113.SH,20200616,10.62,11.07,10.56,11.01,10.56,0.45,4.2614,130128.92,141636.026
603113.SH,20200617,11.18,11.65,11.1,11.61,11.01,0.6,5.4496,269046.18,306356.077
603113.SH,20200618,11.5,12.36,11.47,12.2,11.61,0.59,5.0818,283647.27,341912.97
603113.SH,20200619,12.17,12.39,12.04,12.2,12.2,0.0,0.0,178172.37,217492.473
603113.SH,20200622,12.29,12.35,11.89,11.89,12.2,-0.31,-2.541,128021.52,153535.7
603113.SH,20200623,11.88,11.95,11.67,11.69,11.89,-0.2,-1.6821,116287.78,136729.867
603113.SH,20200624,11.64,12.14,11.64,11.83,11.69,0.14,1.1976,169220.69,201186.283
603113.SH,20200629,11.78,11.88,11.55,11.65,11.83,-0.18,-1.5216,81526.37,95372.441
603113.SH,20200630,11.7,12.1,11.7,11.89,11.65,0.24,2.0601,100699.92,120077.827
603113.SH,20200701,12.0,12.13,11.81,12.01,11.89,0.12,1.0093,85004.91,101656.731
603113.SH,20200702,12.11,13.21,12.02,13.21,12.01,1.2,9.9917,245554.66,316311.545
603113.SH,20200703,13.6,14.48,13.4,14.24,13.21,1.03,7.7971,348977.64,485824.732
603113.SH,20200706,13.93,14.38,13.53,14.33,14.24,0.09,0.632,343216.64,479452.183
603113.SH,20200707,14.34,14.34,13.79,13.82,14.33,-0.51,-3.559,316902.89,442308.47
603113.SH,20200708,13.72,14.09,13.66,13.92,13.82,0.1,0.7236,188499.09,262368.346
603113.SH,20200709,13.85,14.46,13.79,14.31,13.92,0.39,2.8017,247226.34,349048.114
603113.SH,20200710,14.14,14.2,13.77,13.81,14.31,-0.5,-3.4941,150256.74,209506.845
603113.SH,20200713,13.82,14.75,13.82,14.4,13.81,0.59,4.2723,237255.64,340517.428
603113.SH,20200714,14.35,15.1,14.21,14.65,14.4,0.25,1.7361,215055.11,313710.853
603113.SH,20200715,14.67,14.78,13.8,13.96,14.65,-0.69,-4.7099,190620.48,269540.038
603113.SH,20200716,13.98,14.35,13.48,13.59,13.96,-0.37,-2.6504,196820.15,276920.728
603113.SH,20200717,13.61,13.9,13.27,13.58,13.59,-0.01,-0.0736,128025.07,174065.261
603113.SH,20200720,13.74,14.73,13.68,14.6,13.58,1.02,7.511,219208.61,317103.005
603113.SH,20200721,14.71,15.06,14.45,14.89,14.6,0.29,1.9863,199904.05,296001.549
603113.SH,20200722,15.11,15.29,14.27,14.31,14.89,-0.58,-3.8952,267764.33,387982.098
603113.SH,20200723,14.1,15.05,13.94,14.95,14.31,0.64,4.4724,273461.3,396990.524
603113.SH,20200724,14.87,15.21,14.34,14.42,14.95,-0.53,-3.5452,208988.67,307608.348
603113.SH,20200727,14.68,14.79,14.23,14.43,14.42,0.01,0.0693,123655.13,179073.126
603113.SH,20200728,14.25,14.64,14.0,14.14,14.43,-0.29,-2.0097,115190.95,164009.26
603113.SH,20200729,14.2,14.86,13.81,14.72,14.14,0.58,4.1018,164227.63,239600.261
603113.SH,20200730,14.8,14.97,14.6,14.87,14.72,0.15,1.019,151429.34,224242.996
603113.SH,20200731,14.8,14.87,14.35,14.7,14.87,-0.17,-1.1432,128322.36,187522.098
603113.SH,20200803,14.7,15.1,14.61,14.89,14.7,0.19,1.2925,181379.61,268346.593
603113.SH,20200804,14.83,14.83,14.21,14.35,14.89,-0.54,-3.6266,160317.48,231246.645
603113.SH,20200805,14.3,14.45,14.11,14.2,14.35,-0.15,-1.0453,108492.29,154289.629
603113.SH,20200806,14.21,14.4,14.04,14.21,14.2,0.01,0.0704,88401.23,125475.156
603113.SH,20200807,14.39,14.45,13.68,13.86,14.21,-0.35,-2.4631,111724.56,156696.895
603113.SH,20200810,13.71,13.95,13.36,13.82,13.86,-0.04,-0.2886,98663.4,135388.329
603113.SH,20200811,13.65,13.9,13.34,13.39,13.82,-0.43,-3.1114,87748.66,119731.169
603113.SH,20200812,13.29,13.44,12.94,13.22,13.39,-0.17,-1.2696,97242.36,128037.731
603113.SH,20200813,13.3,13.45,13.0,13.04,13.22,-0.18,-1.3616,72726.49,95902.587
603113.SH,20200814,13.05,13.21,12.84,13.18,13.04,0.14,1.0736,79627.74,103661.651
603113.SH,20200817,13.18,13.51,13.1,13.45,13.18,0.27,2.0486,89019.85,118962.487
603113.SH,20200818,13.49,13.85,13.38,13.59,13.45,0.14,1.0409,103041.72,140660.508
603113.SH,20200819,13.65,13.65,13.22,13.32,13.59,-0.27,-1.9868,65074.9,87119.781
603113.SH,20200820,13.33,13.37,13.14,13.16,13.32,-0.16,-1.2012,46572.0,61616.588
603113.SH,20200821,13.2,13.51,13.17,13.42,13.16,0.26,1.9757,71833.42,95821.219
603113.SH,20200824,13.42,13.62,13.21,13.6,13.42,0.18,1.3413,81462.04,110070.924
603113.SH,20200825,13.61,13.7,13.38,13.4,13.6,-0.2,-1.4706,57570.28,77960.032
603113.SH,20200826,13.35,13.64,13.28,13.3,13.4,-0.1,-0.7463,62318.48,83755.404
603113.SH,20200827,13.33,13.38,13.01,13.1,13.3,-0.2,-1.5038,61913.0,81562.745
603113.SH,20200828,13.08,13.18,12.79,13.15,13.1,0.05,0.3817,88337.78,114658.072
603113.SH,20200831,13.22,14.28,13.19,13.79,13.15,0.64,4.8669,186844.57,259287.855
603113.SH,20200901,13.86,13.86,13.41,13.55,13.79,-0.24,-1.7404,100925.7,136949.024
603113.SH,20200902,13.63,13.75,13.44,13.61,13.55,0.06,0.4428,86169.87,117015.692
603113.SH,20200903,13.68,13.99,13.61,13.89,13.61,0.28,2.0573,109407.39,151589.385
603113.SH,20200904,13.66,13.66,13.35,13.53,13.89,-0.36,-2.5918,71094.69,96062.529
603113.SH,20200907,13.5,13.58,12.94,12.96,13.53,-0.57,-4.2129,78651.5,103902.426
603113.SH,20200908,12.9,13.02,12.46,12.61,12.96,-0.35,-2.7006,93863.11,118844.887
603113.SH,20200909,12.53,12.62,12.07,12.15,12.61,-0.46,-3.6479,70324.16,86627.871
603113.SH,20200910,12.23,12.4,11.88,11.91,12.15,-0.24,-1.9753,65303.44,79132.62
603113.SH,20200911,11.87,12.19,11.82,12.13,11.91,0.22,1.8472,42533.69,51186.766
603113.SH,20200914,12.16,12.29,11.94,12.09,12.13,-0.04,-0.3298,54529.0,65984.149
603113.SH,20200915,12.05,12.1,11.92,12.07,12.09,-0.02,-0.1654,40817.0,49005.602
603113.SH,20200916,12.07,12.12,11.91,11.95,12.07,-0.12,-0.9942,29629.0,35525.992
603113.SH,20200917,12.0,12.15,11.85,12.1,11.95,0.15,1.2552,43041.29,51693.924
603113.SH,20200918,12.09,12.44,12.01,12.38,12.1,0.28,2.314,67235.04,82580.125
603113.SH,20200921,12.47,12.47,12.26,12.3,12.38,-0.08,-0.6462,36165.0,44626.239
603113.SH,20200922,12.23,12.33,12.08,12.13,12.3,-0.17,-1.3821,40210.11,48980.565
603113.SH,20200923,12.16,12.57,12.11,12.35,12.13,0.22,1.8137,75121.35,93216.243
603113.SH,20200924,12.31,12.33,12.04,12.06,12.35,-0.29,-2.3482,41573.05,50481.854
603113.SH,20200925,12.19,12.19,11.84,11.85,12.06,-0.21,-1.7413,36851.44,43992.538
603113.SH,20200928,11.9,12.17,11.85,11.88,11.85,0.03,0.2532,39409.21,47328.077
603113.SH,20200929,11.99,12.2,11.9,12.13,11.88,0.25,2.1044,43753.47,52842.939
603113.SH,20200930,12.15,12.2,11.95,12.0,12.13,-0.13,-1.0717,35516.0,42822.533
603113.SH,20201009,12.08,12.35,12.08,12.22,12.0,0.22,1.8333,47321.2,57878.094
603113.SH,20201012,12.31,12.63,12.26,12.55,12.22,0.33,2.7005,69356.56,86328.676
603113.SH,20201013,12.55,12.62,12.48,12.58,12.55,0.03,0.239,40655.67,51031.901
603113.SH,20201014,12.53,12.58,12.37,12.41,12.58,-0.17,-1.3514,32587.6,40552.503
603113.SH,20201015,12.46,12.74,12.35,12.66,12.41,0.25,2.0145,53397.17,67313.267
603113.SH,20201016,12.6,12.85,12.5,12.71,12.66,0.05,0.3949,57164.68,72598.556
603113.SH,20201019,12.71,12.79,12.43,12.44,12.71,-0.27,-2.1243,49413.0,62262.163
603113.SH,20201020,12.43,12.48,12.24,12.38,12.44,-0.06,-0.4823,30899.95,38126.308
603113.SH,20201021,12.46,12.46,12.22,12.25,12.38,-0.13,-1.0501,39110.94,48061.555
603113.SH,20201022,12.25,12.29,12.07,12.09,12.25,-0.16,-1.3061,36933.14,44914.619
603113.SH,20201023,12.09,12.18,11.91,11.92,12.09,-0.17,-1.4061,41697.34,50259.591
603113.SH,20201026,11.92,12.14,11.9,12.1,11.92,0.18,1.5101,34796.71,41858.155
603113.SH,20201027,12.04,12.37,12.0,12.23,12.1,0.13,1.0744,39612.78,48383.937
603113.SH,20201028,12.23,12.29,12.01,12.22,12.23,-0.01,-0.0818,35192.41,42816.915
603113.SH,20201029,12.11,12.11,11.88,11.97,12.22,-0.25,-2.0458,41314.0,49571.894
603113.SH,20201030,12.0,12.64,11.98,12.36,11.97,0.39,3.2581,115192.44,143189.385
603113.SH,20201102,12.31,12.68,12.26,12.59,12.36,0.23,1.8608,84313.1,105562.48
603113.SH,20201103,12.69,12.79,12.47,12.55,12.59,-0.04,-0.3177,77592.74,97825.071
603113.SH,20201104,12.73,13.46,12.67,13.29,12.55,0.74,5.8964,176950.39,232779.571
603113.SH,20201105,13.45,13.56,13.2,13.46,13.29,0.17,1.2792,120952.65,162407.96
603113.SH,20201106,13.48,13.64,13.36,13.46,13.46,0.0,0.0,103541.47,139581.424
603113.SH,20201109,13.7,13.97,13.56,13.71,13.46,0.25,1.8574,133291.44,183048.503
603113.SH,20201110,13.65,14.26,13.62,13.82,13.71,0.11,0.8023,143377.1,200082.486
603113.SH,20201111,13.76,14.2,13.69,13.77,13.82,-0.05,-0.3618,124157.91,173245.845
603113.SH,20201112,13.65,13.79,13.21,13.36,13.77,-0.41,-2.9775,149643.18,201405.726
603113.SH,20201113,13.44,13.58,13.22,13.56,13.36,0.2,1.497,84095.06,113184.264
603113.SH,20201116,13.59,14.29,13.53,14.16,13.56,0.6,4.4248,174065.89,243418.426
603113.SH,20201117,14.06,14.95,14.0,14.37,14.16,0.21,1.4831,209803.31,304486.355
603113.SH,20201118,14.28,14.55,14.14,14.36,14.37,-0.01,-0.0696,136222.23,195632.429
603113.SH,20201119,14.33,14.48,13.97,14.15,14.36,-0.21,-1.4624,100331.04,141913.756
603113.SH,20201120,14.04,14.6,13.83,14.49,14.15,0.34,2.4028,136770.99,195514.935
603113.SH,20201123,14.49,15.3,14.48,15.2,14.49,0.71,4.8999,240680.98,361173.734
603113.SH,20201124,14.98,15.21,14.73,15.11,15.2,-0.09,-0.5921,157530.85,235940.103
603113.SH,20201125,15.2,16.62,15.2,16.61,15.11,1.5,9.9272,536374.06,877345.955
603113.SH,20201126,16.28,16.87,15.95,16.19,16.61,-0.42,-2.5286,420840.75,688880.284
603113.SH,20201127,16.19,16.64,15.88,16.35,16.19,0.16,0.9883,201624.71,326923.922
603113.SH,20201130,16.35,16.56,15.78,15.85,16.35,-0.5,-3.0581,199244.12,323118.192
603113.SH,20201201,15.76,16.05,15.5,15.91,15.85,0.06,0.3785,164357.09,259280.067
603113.SH,20201202,15.88,15.98,15.51,15.62,15.91,-0.29,-1.8228,134578.41,211128.408
603113.SH,20201203,15.58,15.6,14.77,14.88,15.62,-0.74,-4.7375,195994.66,294296.202
603113.SH,20201204,14.88,14.97,14.43,14.65,14.88,-0.23,-1.5457,184999.95,271161.005
603113.SH,20201207,14.68,14.7,14.28,14.42,14.65,-0.23,-1.57,104499.54,150877.104
603113.SH,20201208,14.31,14.38,14.11,14.19,14.42,-0.23,-1.595,123620.83,175909.586
603113.SH,20201209,14.24,15.07,14.21,14.58,14.19,0.39,2.7484,269476.63,393189.291
603113.SH,20201210,14.6,14.8,13.98,14.09,14.58,-0.49,-3.3608,157494.93,223811.297
603113.SH,20201211,14.21,14.69,13.82,13.9,14.09,-0.19,-1.3485,133681.48,190309.118
603113.SH,20201214,13.81,14.35,13.58,13.88,13.9,-0.02,-0.1439,85613.61,118554.38
603113.SH,20201215,13.74,14.07,13.59,13.96,13.88,0.08,0.5764,96141.91,132793.281
603113.SH,20201216,14.1,14.16,13.71,13.8,13.96,-0.16,-1.1461,62135.93,86574.419
603113.SH,20201217,13.8,14.47,13.7,14.37,13.8,0.57,4.1304,108812.25,154187.884
603113.SH,20201218,14.56,15.02,14.54,14.79,14.37,0.42,2.9228,158154.05,234609.218
603113.SH,20201221,14.97,15.08,14.7,14.94,14.79,0.15,1.0142,110090.32,163853.579
603113.SH,20201222,14.94,14.95,13.93,13.93,14.94,-1.01,-6.7604,117542.39,168840.192
603113.SH,20201223,13.97,14.26,13.8,14.04,13.93,0.11,0.7897,82012.85,115187.011
603113.SH,20201224,14.04,14.05,13.68,13.7,14.04,-0.34,-2.4217,81392.4,112423.31
603113.SH,20201225,13.96,15.06,13.66,14.75,13.7,1.05,7.6642,168393.7,245112.147
603113.SH,20201228,14.95,16.23,14.81,16.23,14.75,1.48,10.0339,368265.29,585938.231
603113.SH,20201229,16.5,16.87,15.82,16.12,16.23,-0.11,-0.6778,287782.27,468645.436
603113.SH,20201230,15.89,16.85,15.82,16.67,16.12,0.55,3.4119,227555.49,373495.716
603113.SH,20201231,16.41,16.52,15.99,16.35,16.67,-0.32,-1.9196,182648.69,296323.005
603113.SH,20210104,16.12,16.35,15.81,15.91,16.35,-0.44,-2.6911,212112.88,340120.321
603113.SH,20210105,16.07,16.13,15.24,15.62,15.91,-0.29,-1.8228,198413.0,309185.2
603113.SH,20210106,15.52,15.77,15.21,15.44,15.62,-0.18,-1.1524,134699.98,208528.715
603113.SH,20210107,15.36,15.75,14.94,15.05,15.44,-0.39,-2.5259,165634.28,253534.196
603113.SH,20210108,15.08,15.65,15.0,15.15,15.05,0.1,0.6645,210787.11,323342.363
603113.SH,20210111,15.2,15.34,14.64,15.21,15.15,0.06,0.396,181860.32,273647.397
603113.SH,20210112,15.09,15.67,14.86,15.67,15.21,0.46,3.0243,151140.2,231636.554
603113.SH,20210113,15.67,16.12,15.35,15.42,15.67,-0.25,-1.5954,188045.12,296583.838
603113.SH,20210114,15.23,16.04,14.94,15.71,15.42,0.29,1.8807,135372.47,210861.706
603113.SH,20210115,15.74,15.89,14.96,15.52,15.71,-0.19,-1.2094,149689.61,229981.639
603113.SH,20210118,15.6,17.07,15.6,17.07,15.52,1.55,9.9871,236593.18,393149.078
603113.SH,20210119,16.8,18.4,16.71,17.93,17.07,0.86,5.0381,359833.11,642527.959
603113.SH,20210120,17.85,18.34,17.36,18.15,17.93,0.22,1.227,217267.2,388567.564
603113.SH,20210121,18.22,19.8,18.15,19.45,18.15,1.3,7.1625,241929.25,463956.096
603113.SH,20210122,18.95,19.65,18.81,19.29,19.45,-0.16,-0.8226,199596.17,383934.249
603113.SH,20210125,19.2,21.22,19.08,21.1,19.29,1.81,9.3831,274267.18,558199.09
603113.SH,20210126,20.61,21.07,20.02,20.24,21.1,-0.86,-4.0758,200859.86,411304.647
603113.SH,20210127,20.26,20.9,18.58,20.24,20.24,0.0,0.0,264123.68,517694.296
603113.SH,20210128,19.68,20.05,19.03,19.11,20.24,-1.13,-5.583,158757.79,309752.373
603113.SH,20210129,19.2,20.18,19.2,19.53,19.11,0.42,2.1978,153970.13,303786.509
603113.SH,20210201,20.14,21.48,20.0,21.48,19.53,1.95,9.9846,151343.69,320741.046
603113.SH,20210202,21.7,23.11,21.0,22.16,21.48,0.68,3.1657,246395.36,540826.52
603113.SH,20210203,21.57,22.56,21.42,21.47,22.16,-0.69,-3.1137,190961.24,419404.655
603113.SH,20210204,21.53,22.7,21.15,21.44,21.47,-0.03,-0.1397,151542.04,332096.938
603113.SH,20210205,21.93,23.17,19.88,20.3,21.44,-1.14,-5.3172,260764.34,559601.16
603113.SH,20210208,20.91,21.4,19.21,21.09,20.3,0.79,3.8916,185320.38,382037.734
603113.SH,20210209,20.99,22.0,20.77,21.62,21.09,0.53,2.513,135866.07,293191.757
603113.SH,20210210,21.5,21.77,19.75,20.08,21.62,-1.54,-7.123,246408.96,498331.193
603113.SH,20210218,21.01,22.09,21.01,22.09,20.08,2.01,10.01,190538.89,418175.124
603113.SH,20210219,22.75,23.74,21.8,23.21,22.09,1.12,5.0702,274914.78,627394.883
603113.SH,20210222,23.16,25.53,22.59,25.53,23.21,2.32,9.9957,280410.74,695452.181
603113.SH,20210223,25.2,26.2,23.86,24.18,25.53,-1.35,-5.2879,265977.28,659453.833
603113.SH,20210224,24.6,24.93,21.9,22.13,24.18,-2.05,-8.4781,217130.87,501722.634
603113.SH,20210225,22.72,23.11,21.66,21.68,22.13,-0.45,-2.0334,149508.33,333737.356
603113.SH,20210226,21.03,21.14,19.8,20.1,21.68,-1.58,-7.2878,208228.16,421819.756
603113.SH,20210301,20.2,22.11,20.12,22.11,20.1,2.01,10.0,208310.41,447263.959
603113.SH,20210302,22.11,23.58,21.35,21.47,22.11,-0.64,-2.8946,297137.56,666626.858
603113.SH,20210303,21.79,22.23,21.19,22.12,21.47,0.65,3.0275,140221.53,305619.692
603113.SH,20210304,21.79,23.09,21.7,22.24,22.12,0.12,0.5425,162661.24,364572.952
603113.SH,20210305,21.19,22.4,21.19,21.5,22.24,-0.74,-3.3273,104487.03,227693.174
603113.SH,20210308,21.68,23.06,21.12,21.39,21.5,-0.11,-0.5116,126814.21,277925.413
603113.SH,20210309,21.0,21.7,19.9,20.19,21.39,-1.2,-5.6101,123265.27,251804.011
603113.SH,20210310,20.09,20.7,20.09,20.51,20.19,0.32,1.5849,65559.88,134201.906
603113.SH,20210311,21.29,21.42,20.41,21.06,20.51,0.55,2.6816,70758.73,148544.384
603113.SH,20210312,21.28,22.43,21.01,21.65,21.06,0.59,2.8015,133993.34,292837.416
603113.SH,20210315,21.52,23.18,21.31,22.55,21.65,0.9,4.157,111077.74,250408.511
603113.SH,20210316,22.35,23.65,22.35,23.28,22.55,0.73,3.2373,90528.7,207706.13
603113.SH,20210317,23.12,23.12,22.17,22.35,23.28,-0.93,-3.9948,94843.58,213148.69
603113.SH,20210318,22.56,23.5,22.2,22.9,22.35,0.55,2.4609,81765.85,187047.967
603113.SH,20210319,22.49,22.54,20.61,20.61,22.9,-2.29,-10.0,129260.2,274389.602
603113.SH,20210322,20.55,20.55,19.44,20.27,20.61,-0.34,-1.6497,200725.83,400115.224
603113.SH,20210323,20.57,20.6,18.71,19.22,20.27,-1.05,-5.1801,158360.91,308802.191
603113.SH,20210324,19.02,19.22,17.3,17.3,19.22,-1.92,-9.9896,186754.48,333175.241
603113.SH,20210325,17.44,18.15,17.09,18.04,17.3,0.74,4.2775,117718.55,208982.757
603113.SH,20210326,18.08,18.23,17.87,18.0,18.04,-0.04,-0.2217,69683.46,125727.074
603113.SH,20210329,18.35,19.27,17.88,19.16,18.0,1.16,6.4444,109834.58,206254.181
603113.SH,20210330,19.21,19.24,18.31,18.85,19.16,-0.31,-1.618,68737.04,128897.071
603113.SH,20210331,18.83,18.97,18.06,18.3,18.85,-0.55,-2.9178,94806.35,174129.168
603113.SH,20210401,18.34,18.9,18.29,18.8,18.3,0.5,2.7322,50630.19,94497.011
603113.SH,20210402,18.81,19.43,18.74,19.18,18.8,0.38,2.0213,81320.59,155126.82
603113.SH,20210406,19.5,19.75,18.96,19.02,19.18,-0.16,-0.8342,50644.62,98029.331
603113.SH,20210407,19.2,19.6,18.72,19.51,19.02,0.49,2.5762,54531.64,104813.208
603113.SH,20210408,19.51,20.45,19.23,19.73,19.51,0.22,1.1276,115689.36,228760.193
603113.SH,20210409,19.88,20.46,19.69,20.03,19.73,0.3,1.5205,63333.49,126771.963
603113.SH,20210412,19.8,19.99,18.88,18.97,20.03,-1.06,-5.2921,75931.43,146524.889
603113.SH,20210413,19.02,19.28,18.52,18.7,18.97,-0.27,-1.4233,48464.58,91311.219
603113.SH,20210414,18.73,19.55,17.87,18.1,18.7,-0.6,-3.2086,166475.05,312045.352
603113.SH,20210415,18.07,18.09,16.29,16.29,18.1,-1.81,-10.0,96784.0,159678.987
603113.SH,20210416,14.67,16.78,14.66,16.07,16.29,-0.22,-1.3505,452507.93,685464.093
603113.SH,20210419,15.76,16.63,15.43,16.47,16.07,0.4,2.4891,185061.75,299543.12
603113.SH,20210420,16.6,17.65,16.6,16.74,16.47,0.27,1.6393,165163.78,282062.62
603113.SH,20210421,16.53,16.95,16.26,16.68,16.74,-0.06,-0.3584,80111.85,133004.756
603113.SH,20210422,16.72,17.36,16.72,16.89,16.68,0.21,1.259,104465.08,178170.413
603113.SH,20210423,16.88,17.3,16.8,17.06,16.89,0.17,1.0065,72484.1,123614.834
603113.SH,20210426,17.2,18.18,17.08,17.84,17.06,0.78,4.5721,174630.33,311083.336
603113.SH,20210427,17.84,18.13,17.57,17.92,17.84,0.08,0.4484,81662.59,145777.585
603113.SH,20210428,17.93,18.18,17.7,17.9,17.92,-0.02,-0.1116,61305.67,109949.263
603113.SH,20210429,17.91,18.15,17.42,18.1,17.9,0.2,1.1173,86439.26,154873.524
603113.SH,20210430,18.35,18.78,17.89,18.5,18.1,0.4,2.2099,145786.93,269269.343
603113.SH,20210506,18.89,19.74,18.7,19.66,18.5,1.16,6.2703,158646.06,307202.124
603113.SH,20210507,19.65,19.87,19.15,19.2,19.66,-0.46,-2.3398,126773.49,247164.86
603113.SH,20210510,19.42,19.89,18.88,19.88,19.2,0.68,3.5417,147775.39,286635.275
603113.SH,20210511,19.1,19.15,17.99,18.85,19.88,-1.03,-5.1811,118780.04,220356.563
603113.SH,20210512,18.76,19.14,18.4,18.74,18.85,-0.11,-0.5836,63948.15,120052.845
603113.SH,20210513,18.72,18.74,17.85,18.18,18.74,-0.56,-2.9883,77129.67,140656.788
603113.SH,20210514,18.25,18.4,17.99,18.17,18.18,-0.01,-0.055,57279.2,104105.261
603113.SH,20210517,18.16,19.68,18.02,19.34,18.17,1.17,6.4392,151692.68,290227.385
603113.SH,20210518,19.55,19.55,18.81,19.43,19.34,0.09,0.4654,93736.78,181052.869
603113.SH,20210519,19.45,19.59,18.85,19.45,19.43,0.02,0.1029,96475.29,186503.768
603113.SH,20210520,19.1,19.5,18.12,19.37,19.45,-0.08,-0.4113,145836.11,273570.238
603113.SH,20210521,19.5,19.63,18.7,18.76,19.37,-0.61,-3.1492,76941.24,147056.51
603113.SH,20210524,17.85,18.6,17.58,17.97,18.76,-0.79,-4.2111,107218.86,193648.878
603113.SH,20210525,17.89,19.32,17.89,18.68,17.97,0.71,3.951,98020.33,183131.507
603113.SH,20210526,18.68,19.25,18.2,18.92,18.68,0.24,1.2848,74580.53,139360.006
603113.SH,20210527,18.85,19.37,18.78,19.05,18.92,0.13,0.6871,62998.33,120154.07
603113.SH,20210528,19.21,19.55,18.9,19.44,19.05,0.39,2.0472,72501.22,140512.891
603113.SH,20210531,19.12,19.2,18.26,18.4,19.09,-0.69,-3.6145,71070.96,132264.491
603113.SH,20210601,18.18,18.75,18.18,18.66,18.4,0.26,1.413,92022.01,170651.197
603113.SH,20210602,18.71,20.12,18.71,19.64,18.66,0.98,5.2519,171939.38,336842.588
603113.SH,20210603,19.65,19.8,19.05,19.34,19.64,-0.3,-1.5275,104744.84,202608.194
603113.SH,20210604,19.12,19.12,18.43,18.66,19.34,-0.68,-3.516,91526.08,170945.31
603113.SH,20210607,18.6,19.37,18.52,19.23,18.66,0.57,3.0547,94940.28,181056.535
603113.SH,20210608,19.26,19.36,18.5,18.55,19.23,-0.68,-3.5361,70435.23,132463.572
603113.SH,20210609,18.66,19.66,18.26,19.25,18.55,0.7,3.7736,132117.08,252618.921
603113.SH,20210610,19.38,19.66,19.0,19.54,19.25,0.29,1.5065,100060.03,194431.399
603113.SH,20210611,19.6,20.04,19.5,19.88,19.54,0.34,1.74,89276.34,177090.301
603113.SH,20210615,20.06,20.22,19.29,19.35,19.88,-0.53,-2.666,80538.75,157342.802
603113.SH,20210616,19.25,19.55,18.58,18.65,19.35,-0.7,-3.6176,65032.74,123190.128
603113.SH,20210617,18.55,18.68,17.96,18.08,18.65,-0.57,-3.0563,83581.16,151976.528
603113.SH,20210618,17.96,18.53,17.88,18.16,18.08,0.08,0.4425,59854.29,108801.525
603113.SH,20210621,18.17,18.19,17.06,17.37,18.16,-0.79,-4.3502,96598.98,168333.12
603113.SH,20210622,17.36,17.87,17.12,17.75,17.37,0.38,2.1877,79840.95,139974.339
603113.SH,20210623,17.74,17.94,17.4,17.6,17.75,-0.15,-0.8451,53333.45,93960.953
603113.SH,20210624,17.59,17.92,17.32,17.65,17.6,0.05,0.2841,43316.37,76505.101
603113.SH,20210625,17.9,18.56,17.72,18.14,17.65,0.49,2.7762,105383.7,191184.623
603113.SH,20210628,17.93,18.35,17.7,18.28,18.14,0.14,0.7718,82530.82,149043.618
603113.SH,20210629,18.17,18.38,17.94,18.02,18.28,-0.26,-1.4223,49121.77,88963.499
603113.SH,20210630,18.13,18.25,18.0,18.06,18.02,0.04,0.222,33739.88,61082.763
603113.SH,20210701,18.23,18.36,17.56,17.6,18.06,-0.46,-2.5471,42117.08,75886.806
603113.SH,20210702,17.61,17.84,17.36,17.5,17.6,-0.1,-0.5682,31650.08,55610.255
603113.SH,20210705,17.57,17.8,17.27,17.39,17.5,-0.11,-0.6286,51553.85,90105.843
603113.SH,20210706,17.41,18.07,17.41,17.75,17.39,0.36,2.0702,67015.74,118897.52
603113.SH,20210707,17.62,18.03,17.61,17.78,17.75,0.03,0.169,31928.97,56828.51
603113.SH,20210708,17.82,17.84,16.96,16.99,17.78,-0.79,-4.4432,75919.51,130808.312
603113.SH,20210709,17.1,17.13,16.41,16.76,16.99,-0.23,-1.3537,94826.02,158045.5
603113.SH,20210712,16.8,17.2,16.68,16.73,16.76,-0.03,-0.179,75387.83,126888.176
603113.SH,20210713,16.9,17.35,16.65,17.25,16.73,0.52,3.1082,91532.35,156295.761
603113.SH,20210714,17.41,17.49,17.1,17.22,17.25,-0.03,-0.1739,76668.65,132868.641
603113.SH,20210715,17.29,17.45,16.92,17.27,17.22,0.05,0.2904,58554.65,100745.637
603113.SH,20210716,17.27,17.45,17.09,17.13,17.27,-0.14,-0.8107,65570.14,113327.031
603113.SH,20210719,17.15,17.3,16.82,16.93,17.13,-0.2,-1.1675,72281.98,122773.474
603113.SH,20210720,16.76,16.77,16.15,16.59,16.93,-0.34,-2.0083,65361.67,107048.792
603113.SH,20210721,16.7,16.79,16.25,16.45,16.59,-0.14,-0.8439,56187.18,92441.97
603113.SH,20210722,16.45,16.51,16.16,16.47,16.45,0.02,0.1216,94398.24,154284.597
603113.SH,20210723,16.4,17.49,16.35,17.23,16.47,0.76,4.6145,139218.53,239521.287
603113.SH,20210726,17.2,17.91,17.02,17.36,17.23,0.13,0.7545,120910.54,211913.76
603113.SH,20210727,17.66,18.06,16.25,16.3,17.36,-1.06,-6.106,154222.71,263272.675
603113.SH,20210728,16.25,16.26,14.9,15.09,16.3,-1.21,-7.4233,185982.59,284977.575
603113.SH,20210729,15.38,16.36,15.32,16.2,15.09,1.11,7.3559,122983.63,196146.448
603113.SH,20210730,16.4,16.48,15.85,16.06,16.2,-0.14,-0.8642,77791.53,125440.793
603113.SH,20210802,15.9,16.95,15.86,16.93,16.06,0.87,5.4172,90849.66,150764.754
603113.SH,20210803,16.7,17.0,16.61,16.68,16.93,-0.25,-1.4767,74257.76,124554.792
603113.SH,20210804,16.84,16.91,16.31,16.56,16.68,-0.12,-0.7194,77646.24,128697.147
603113.SH,20210805,16.77,17.85,16.42,17.38,16.56,0.82,4.9517,137723.44,236670.68
603113.SH,20210806,17.34,17.73,17.01,17.37,17.38,-0.01,-0.0575,78687.92,136889.335
603113.SH,20210809,17.37,18.1,17.35,17.86,17.37,0.49,2.821,100825.51,179524.3
603113.SH,20210810,17.82,17.97,17.56,17.81,17.86,-0.05,-0.28,59681.77,105999.595
603113.SH,20210811,17.82,18.14,17.47,18.1,17.81,0.29,1.6283,94911.94,169724.89
603113.SH,20210812,18.01,18.32,17.77,18.0,18.1,-0.1,-0.5525,79907.54,143963.036
603113.SH,20210813,18.0,18.98,17.9,18.74,18.0,0.74,4.1111,128220.38,238271.714
603113.SH,20210816,19.02,19.5,18.79,19.37,18.74,0.63,3.3618,145773.48,280018.718
603113.SH,20210817,20.57,21.18,18.45,18.88,19.37,-0.49,-2.5297,283760.49,555182.662
603113.SH,20210818,19.18,19.4,18.5,18.72,18.88,-0.16,-0.8475,220558.72,417910.189
603113.SH,20210819,18.8,18.8,17.31,18.35,18.72,-0.37,-1.9765,186487.42,336808.404
603113.SH,20210820,18.26,18.6,17.54,17.7,18.35,-0.65,-3.5422,181071.24,324250.253
603113.SH,20210823,17.98,19.05,17.98,18.74,17.7,1.04,5.8757,245673.29,457863.371
603113.SH,20210824,19.38,19.54,18.33,18.58,18.74,-0.16,-0.8538,215706.84,407915.979
603113.SH,20210825,18.58,18.91,18.43,18.79,18.58,0.21,1.1302,197506.54,369755.207
603113.SH,20210826,18.66,19.36,18.55,19.17,18.79,0.38,2.0224,267964.88,511007.535
603113.SH,20210827,18.8,18.8,18.19,18.51,19.17,-0.66,-3.4429,258191.85,476763.964
603113.SH,20210830,18.51,19.88,18.47,19.63,18.51,1.12,6.0508,300696.68,582175.797
603113.SH,20210831,19.7,19.86,19.07,19.85,19.63,0.22,1.1207,218710.86,425403.518
603113.SH,20210901,19.85,20.26,18.63,19.08,19.85,-0.77,-3.8791,248553.79,482214.986
603113.SH,20210902,18.91,20.15,18.9,20.08,19.08,1.0,5.2411,249948.62,493641.091
603113.SH,20210903,19.86,20.5,19.32,19.91,20.08,-0.17,-0.8466,207911.55,411586.853
603113.SH,20210906,19.9,20.14,19.4,19.63,19.91,-0.28,-1.4063,153766.73,302466.094
603113.SH,20210907,19.87,20.65,19.66,20.61,19.63,0.98,4.9924,243038.7,490628.711
603113.SH,20210908,20.63,21.48,20.28,20.83,20.61,0.22,1.0674,233952.99,486607.451
603113.SH,20210909,21.2,22.64,20.38,21.96,20.83,1.13,5.4249,336855.94,728561.719
603113.SH,20210910,21.41,21.63,20.8,21.02,21.96,-0.94,-4.2805,229347.09,485881.917
603113.SH,20210913,20.78,21.93,20.66,21.71,21.02,0.69,3.2826,203004.98,432491.56
603113.SH,20210914,21.37,21.49,20.6,20.71,21.71,-1.0,-4.6062,188319.92,394592.392
603113.SH,20210915,20.69,20.95,20.36,20.57,20.71,-0.14,-0.676,166941.09,343918.931
603113.SH,20210916,21.49,22.24,20.8,20.91,20.57,0.34,1.6529,265977.35,572124.818
603113.SH,20210917,20.52,22.35,20.52,21.48,20.91,0.57,2.726,263669.15,572771.645
603113.SH,20210922,21.33,22.22,20.65,21.9,21.48,0.42,1.9553,238383.42,517071.511
603113.SH,20210923,22.28,22.38,20.3,20.68,21.9,-1.22,-5.5708,301499.79,633130.665
603113.SH,20210924,20.56,20.56,18.61,18.62,20.68,-2.06,-9.9613,292426.82,558649.684
603113.SH,20210927,18.66,18.79,17.42,17.75,18.62,-0.87,-4.6724,200976.36,359237.515
603113.SH,20210928,18.0,18.07,17.58,17.76,17.75,0.01,0.0563,134990.11,240089.711
603113.SH,20210929,17.62,17.78,16.56,16.85,17.76,-0.91,-5.1239,203809.88,347343.13
603113.SH,20210930,16.8,17.2,16.7,16.94,16.85,0.09,0.5341,96938.63,164758.321
603113.SH,20211008,17.21,17.36,16.69,16.77,16.94,-0.17,-1.0035,109544.93,185258.642
603113.SH,20211011,16.93,17.26,16.77,17.01,16.77,0.24,1.4311,99366.36,168896.255
603113.SH,20211012,17.07,17.24,15.81,15.9,17.01,-1.11,-6.5256,227372.54,369638.701
603113.SH,20211013,15.91,16.19,15.65,16.09,15.9,0.19,1.195,95791.09,152750.556
603113.SH,20211014,16.1,16.35,15.87,16.24,16.09,0.15,0.9323,75939.23,122521.041
603113.SH,20211015,16.14,16.31,15.88,16.22,16.24,-0.02,-0.1232,78163.86,126174.531
603113.SH,20211018,16.2,16.82,16.15,16.72,16.22,0.5,3.0826,125849.04,208443.45
603113.SH,20211019,16.72,17.29,16.53,16.87,16.72,0.15,0.8971,135798.82,230229.458
603113.SH,20211020,16.0,16.58,15.35,16.51,16.87,-0.36,-2.134,160088.97,256768.476
603113.SH,20211021,16.47,17.09,16.35,16.77,16.51,0.26,1.5748,123797.63,207823.273
603113.SH,20211022,16.63,16.67,15.83,15.85,16.77,-0.92,-5.486,136949.61,220691.008
603113.SH,20211025,15.85,16.34,15.81,16.05,15.85,0.2,1.2618,115487.32,185898.285
603113.SH,20211026,16.0,16.31,15.9,16.02,16.05,-0.03,-0.1869,88215.03,142059.226
603113.SH,20211027,15.83,15.85,15.25,15.4,16.02,-0.62,-3.8702,104067.43,161334.562
603113.SH,20211028,15.05,15.21,14.26,14.62,15.4,-0.78,-5.0649,149957.34,218240.725
603113.SH,20211029,14.59,14.6,14.13,14.13,14.62,-0.49,-3.3516,144074.51,205092.339
603113.SH,20211101,14.14,14.56,14.11,14.45,14.13,0.32,2.2647,136728.61,195922.762
603113.SH,20211102,14.43,14.58,13.58,13.86,14.45,-0.59,-4.083,149075.83,208711.038
603113.SH,20211103,13.84,14.38,13.81,14.19,13.86,0.33,2.381,105919.77,149748.355
603113.SH,20211104,14.13,14.33,13.91,14.08,14.19,-0.11,-0.7752,93573.95,131317.799
603113.SH,20211105,14.08,14.09,13.62,13.62,14.08,-0.46,-3.267,104532.8,143620.605
603113.SH,20211108,13.62,14.16,13.62,14.13,13.62,0.51,3.7445,104041.97,145612.76
603113.SH,20211109,14.09,14.09,13.86,14.03,14.13,-0.1,-0.7077,64220.0,89725.132
603113.SH,20211110,13.96,14.04,13.64,14.03,14.03,0.0,0.0,70858.39,97823.424
603113.SH,20211111,14.03,14.15,13.93,14.12,14.03,0.09,0.6415,77411.33,108917.26
603113.SH,20211112,14.05,14.06,13.81,13.82,14.12,-0.3,-2.1246,101975.41,141456.981
603113.SH,20211115,13.8,13.95,13.73,13.93,13.82,0.11,0.7959,63332.55,87648.357
603113.SH,20211116,13.82,13.93,13.76,13.79,13.93,-0.14,-1.005,76271.74,105370.013
603113.SH,20211117,13.8,14.57,13.71,14.24,13.79,0.45,3.2632,162467.62,230053.184
603113.SH,20211118,14.41,15.66,14.41,15.4,14.24,1.16,8.1461,345276.52,527891.009
603113.SH,20211119,15.2,16.06,14.69,15.85,15.4,0.45,2.9221,370915.28,572056.91
603113.SH,20211122,15.99,16.21,15.7,15.77,15.85,-0.08,-0.5047,291121.68,462801.083
603113.SH,20211123,15.7,15.8,15.44,15.46,15.77,-0.31,-1.9658,186335.19,290001.977
603113.SH,20211124,15.47,15.64,15.38,15.55,15.46,0.09,0.5821,123484.51,191420.413
603113.SH,20211125,15.58,15.58,15.12,15.26,15.55,-0.29,-1.865,125541.2,191861.86
603113.SH,20211126,15.17,15.25,14.88,14.94,15.26,-0.32,-2.097,136817.35,205665.384
603113.SH,20211129,14.71,14.96,14.38,14.96,14.94,0.02,0.1339,138524.16,202982.559
603113.SH,20211130,14.96,15.28,14.95,15.19,14.96,0.23,1.5374,127889.89,193981.787
603113.SH,20211201,15.08,16.71,15.05,16.71,15.19,1.52,10.0066,347179.08,562605.666
603113.SH,20211202,17.0,17.55,16.81,16.87,16.71,0.16,0.9575,548436.24,938262.046
603113.SH,20211203,16.53,17.17,16.52,16.69,16.87,-0.18,-1.067,314132.4,528267.1
603113.SH,20211206,16.67,17.39,16.47,16.53,16.69,-0.16,-0.9587,265314.86,446555.419
603113.SH,20211207,16.7,17.19,16.59,16.93,16.53,0.4,2.4198,236308.54,398135.464
603113.SH,20211208,16.8,17.06,16.64,16.74,16.93,-0.19,-1.1223,208667.59,349680.924
603113.SH,20211209,16.68,16.92,16.33,16.78,16.74,0.04,0.2389,228976.35,379744.993
603113.SH,20211210,16.66,16.72,16.23,16.31,16.78,-0.47,-2.801,161313.52,264863.54
603113.SH,20211213,16.5,17.13,16.48,16.87,16.31,0.56,3.4335,235756.09,397911.531
603113.SH,20211214,16.8,16.82,16.43,16.53,16.87,-0.34,-2.0154,143562.44,237460.1
603113.SH,20211215,16.46,16.71,16.32,16.34,16.53,-0.19,-1.1494,135832.53,223976.02
603113.SH,20211216,16.51,17.23,16.3,17.15,16.34,0.81,4.9572,297939.51,502861.809
603113.SH,20211217,17.3,17.34,16.55,16.68,17.15,-0.47,-2.7405,239139.72,404315.371
603113.SH,20211220,16.76,17.18,16.37,16.89,16.68,0.21,1.259,202169.35,339727.324
603113.SH,20211221,16.87,17.19,16.72,17.05,16.89,0.16,0.9473,176627.74,300440.859
603113.SH,20211222,17.15,17.18,16.67,16.89,17.05,-0.16,-0.9384,167825.74,283308.209
603113.SH,20211223,16.86,17.39,16.69,17.21,16.89,0.32,1.8946,238223.06,407976.888
603113.SH,20211224,17.3,17.94,17.1,17.39,17.21,0.18,1.0459,293860.47,516146.807
603113.SH,20211227,17.7,18.34,17.53,18.29,17.39,0.9,5.1754,302663.42,546744.18
603113.SH,20211228,18.24,18.24,17.48,17.5,18.29,-0.79,-4.3193,234592.01,415170.556
603113.SH,20211229,17.45,17.95,17.27,17.5,17.5,0.0,0.0,149519.55,263610.447
603113.SH,20211230,17.61,17.64,16.81,16.88,17.5,-0.62,-3.5429,263023.86,448774.173
603113.SH,20211231,16.83,16.89,16.06,16.3,16.88,-0.58,-3.436,273271.06,447656.117
603113.SH,20220104,16.45,16.61,16.25,16.29,16.3,-0.01,-0.0613,146133.2,239677.932
603113.SH,20220105,16.2,16.22,15.48,15.9,16.29,-0.39,-2.3941,219627.58,346347.11
603113.SH,20220106,15.8,16.15,15.76,16.02,15.9,0.12,0.7547,121251.39,193656.975
603113.SH,20220107,15.96,16.1,15.65,15.66,16.02,-0.36,-2.2472,122417.59,194154.583
603113.SH,20220110,15.62,15.88,15.59,15.86,15.66,0.2,1.2771,69841.16,110107.274
603113.SH,20220111,15.8,16.13,15.74,16.07,15.86,0.21,1.3241,118217.1,189022.547
603113.SH,20220112,16.1,16.16,15.86,16.08,16.07,0.01,0.0622,69940.19,111780.95
603113.SH,20220113,16.09,16.25,15.85,15.86,16.08,-0.22,-1.3682,101554.84,163094.71
603113.SH,20220114,15.77,15.77,15.15,15.25,15.86,-0.61,-3.8462,151513.78,233654.404
603113.SH,20220117,15.25,15.41,15.2,15.33,15.25,0.08,0.5246,70580.01,108162.593
603113.SH,20220118,15.31,15.55,15.26,15.45,15.33,0.12,0.7828,69841.64,107670.637
603113.SH,20220119,15.37,15.65,15.29,15.32,15.45,-0.13,-0.8414,74659.95,115284.453
603113.SH,20220120,15.37,15.37,14.58,14.69,15.32,-0.63,-4.1123,125520.0,186430.572
603113.SH,20220121,14.78,14.87,14.62,14.8,14.69,0.11,0.7488,59913.22,88495.436
603113.SH,20220124,14.8,14.81,14.39,14.73,14.8,-0.07,-0.473,69107.21,100924.455
603113.SH,20220125,14.62,14.72,14.05,14.05,14.73,-0.68,-4.6164,82023.37,117136.806
603113.SH,20220126,14.16,14.4,14.1,14.32,14.05,0.27,1.9217,62418.14,89103.72
603113.SH,20220127,14.33,14.4,13.89,13.92,14.32,-0.4,-2.7933,64506.38,91155.153
603113.SH,20220128,13.99,14.21,13.61,14.02,13.92,0.1,0.7184,61262.53,85417.721
603113.SH,20220207,14.12,14.49,14.12,14.44,14.02,0.42,2.9957,61778.11,88766.023
603113.SH,20220208,14.54,14.97,14.52,14.83,14.44,0.39,2.7008,106771.15,157959.475
603113.SH,20220209,14.8,14.95,14.68,14.84,14.83,0.01,0.0674,81410.25,120495.308
603113.SH,20220210,14.7,14.93,14.61,14.92,14.84,0.08,0.5391,56382.71,83580.942
603113.SH,20220211,14.84,15.14,14.74,14.85,14.92,-0.07,-0.4692,88504.0,132446.846
603113.SH,20220214,14.69,14.81,14.44,14.54,14.85,-0.31,-2.0875,63654.95,93135.721
603113.SH,20220215,14.55,14.59,14.35,14.47,14.54,-0.07,-0.4814,47227.0,68324.316
603113.SH,20220216,14.55,14.87,14.53,14.86,14.47,0.39,2.6952,57729.09,85099.455
603113.SH,20220217,14.79,14.94,14.7,14.81,14.86,-0.05,-0.3365,57349.08,84934.678
603113.SH,20220218,14.72,15.06,14.68,15.01,14.81,0.2,1.3504,72972.0,109158.756
603113.SH,20220221,14.97,15.07,14.89,15.07,15.01,0.06,0.3997,59321.05,88951.995
603113.SH,20220222,15.03,15.22,14.72,14.89,15.07,-0.18,-1.1944,64806.63,96652.687
603113.SH,20220223,14.98,15.05,14.79,14.99,14.89,0.1,0.6716,60908.63,90896.074
603113.SH,20220224,14.94,15.04,14.38,14.5,14.99,-0.49,-3.2688,100053.97,146815.072
603113.SH,20220225,14.58,14.94,14.15,14.3,14.5,-0.2,-1.3793,134621.88,195791.482
603113.SH,20220228,14.31,14.5,14.1,14.48,14.3,0.18,1.2587,88123.76,126168.349
603113.SH,20220301,14.55,14.78,14.43,14.66,14.48,0.18,1.2431,78984.09,115360.278
603113.SH,20220302,14.71,14.89,14.49,14.81,14.66,0.15,1.0232,78286.0,115623.555
603113.SH,20220303,15.15,15.69,14.9,15.27,14.81,0.46,3.106,267232.52,412537.422
603113.SH,20220304,15.11,15.49,14.92,15.08,15.27,-0.19,-1.2443,154304.66,234228.945
603113.SH,20220307,15.3,15.36,14.43,14.52,15.08,-0.56,-3.7135,142545.61,211446.403
603113.SH,20220308,14.4,14.56,13.62,13.75,14.52,-0.77,-5.303,137394.04,192092.777
603113.SH,20220309,13.66,13.92,12.86,13.48,13.75,-0.27,-1.9636,112821.79,152057.91
603113.SH,20220310,13.71,13.9,13.54,13.63,13.48,0.15,1.1128,99356.35,136015.119
603113.SH,20220311,13.5,13.65,13.14,13.61,13.63,-0.02,-0.1467,68349.17,91701.131
603113.SH,20220314,13.47,13.53,13.01,13.01,13.61,-0.6,-4.4085,92715.38,122477.392
603113.SH,20220315,12.98,12.98,12.12,12.12,13.01,-0.89,-6.8409,148847.08,185217.831
603113.SH,20220316,12.26,12.39,11.45,12.26,12.12,0.14,1.1551,175706.11,209975.558
603113.SH,20220317,12.34,12.64,12.28,12.34,12.26,0.08,0.6525,107659.9,133925.707
603113.SH,20220318,12.35,12.77,12.34,12.75,12.34,0.41,3.3225,110424.18,139800.534
603113.SH,20220321,12.76,12.84,12.55,12.63,12.75,-0.12,-0.9412,100033.99,126873.403
603113.SH,20220322,12.72,12.72,12.4,12.48,12.63,-0.15,-1.1876,117636.88,146894.381
603113.SH,20220323,12.72,13.01,12.53,12.62,12.48,0.14,1.1218,214758.95,273837.667
603113.SH,20220324,12.6,13.14,12.5,12.67,12.62,0.05,0.3962,233009.38,297718.632
603113.SH,20220325,12.66,12.75,12.54,12.59,12.67,-0.08,-0.6314,112518.0,142207.152
603113.SH,20220328,12.44,12.73,12.15,12.58,12.59,-0.01,-0.0794,103539.59,129013.422
603113.SH,20220329,12.63,12.65,12.33,12.36,12.58,-0.22,-1.7488,87694.58,109289.207
603113.SH,20220330,12.4,12.5,12.24,12.47,12.36,0.11,0.89,107633.12,133102.744
603113.SH,20220331,12.38,12.63,12.37,12.43,12.47,-0.04,-0.3208,90193.06,112542.358
603113.SH,20220401,12.34,12.49,12.22,12.46,12.43,0.03,0.2414,78218.95,96898.999
603113.SH,20220406,12.45,12.61,12.28,12.6,12.46,0.14,1.1236,98573.03,122570.377
603113.SH,20220407,12.6,12.93,12.44,12.48,12.6,-0.12,-0.9524,130132.59,165128.941
603113.SH,20220408,12.42,12.53,12.07,12.38,12.48,-0.1,-0.8013,92359.31,113611.105
603113.SH,20220411,12.38,12.38,11.76,11.89,12.38,-0.49,-3.958,91546.93,110430.994
603113.SH,20220412,11.99,12.11,11.69,12.06,11.89,0.17,1.4298,77936.26,93050.862
603113.SH,20220413,12.0,12.48,11.91,12.24,12.06,0.18,1.4925,119488.12,146349.447
603113.SH,20220414,12.26,12.94,12.2,12.87,12.24,0.63,5.1471,175457.19,222839.753
603113.SH,20220415,13.21,13.59,12.78,12.88,12.87,0.01,0.0777,294427.99,389358.432
603113.SH,20220418,12.5,12.68,12.15,12.48,12.88,-0.4,-3.1056,142981.26,178510.266
603113.SH,20220419,12.58,13.09,12.37,13.05,12.48,0.57,4.5673,176984.88,227663.267
603113.SH,20220420,13.06,13.16,12.34,12.43,13.05,-0.62,-4.751,158492.0,201079.912
603113.SH,20220421,12.34,12.59,11.91,11.98,12.43,-0.45,-3.6203,131252.38,160451.583
603113.SH,20220422,11.28,11.28,10.78,10.79,11.98,-1.19,-9.9332,242696.57,263824.651
603113.SH,20220425,10.4,10.45,9.71,9.72,10.79,-1.07,-9.9166,181726.71,181724.278
603113.SH,20220426,9.5,9.58,9.09,9.11,9.72,-0.61,-6.2757,156605.37,145509.206
603113.SH,20220427,8.95,9.48,8.91,9.45,9.11,0.34,3.7322,103337.95,94998.979
603113.SH,20220428,9.37,9.6,9.18,9.27,9.45,-0.18,-1.9048,99540.31,93380.466
603113.SH,20220429,9.39,9.81,9.3,9.75,9.27,0.48,5.178,107190.94,102815.578
603113.SH,20220505,9.75,10.24,9.62,10.09,9.75,0.34,3.4872,89475.91,89931.027
603113.SH,20220506,9.93,9.95,9.63,9.65,10.09,-0.44,-4.3608,71818.79,70045.522
603113.SH,20220509,9.58,9.75,9.5,9.66,9.65,0.01,0.1036,54354.0,52446.401
603113.SH,20220510,9.48,9.73,9.36,9.71,9.66,0.05,0.5176,72198.52,68996.723
603113.SH,20220511,9.74,10.03,9.68,9.74,9.71,0.03,0.309,86221.23,85128.529
603113.SH,20220512,9.61,10.01,9.61,9.78,9.74,0.04,0.4107,63924.62,62525.621
603113.SH,20220513,9.78,9.94,9.75,9.84,9.78,0.06,0.6135,57467.63,56482.229
603113.SH,20220516,9.9,10.01,9.85,10.0,9.84,0.16,1.626,82297.74,81866.614
603113.SH,20220517,9.95,10.1,9.81,9.96,10.0,-0.04,-0.4,57245.49,56684.254
603113.SH,20220518,9.97,10.23,9.91,10.07,9.96,0.11,1.1044,89639.66,90431.774
603113.SH,20220519,9.9,10.14,9.82,10.11,10.07,0.04,0.3972,58142.72,57953.437
603113.SH,20220520,10.12,10.58,10.12,10.51,10.11,0.4,3.9565,118198.15,122602.234
603113.SH,20220523,10.51,10.73,10.42,10.7,10.51,0.19,1.8078,83660.43,89057.565
603113.SH,20220524,10.7,10.89,10.31,10.32,10.7,-0.38,-3.5514,117110.91,124353.714
603113.SH,20220525,10.3,10.56,10.22,10.47,10.32,0.15,1.4535,61062.24,63575.733
603113.SH,20220526,10.48,10.72,10.28,10.68,10.47,0.21,2.0057,72803.05,76885.181
603113.SH,20220527,10.72,10.84,10.59,10.68,10.68,0.0,0.0,80297.78,86005.852
603113.SH,20220530,10.62,10.71,10.45,10.63,10.68,-0.05,-0.4682,67459.86,71258.035
603113.SH,20220531,10.59,10.63,10.43,10.58,10.63,-0.05,-0.4704,58695.91,61893.594
603113.SH,20220601,10.5,10.73,10.46,10.65,10.58,0.07,0.6616,61287.49,65056.38
603113.SH,20220602,10.68,10.71,10.54,10.66,10.65,0.01,0.0939,48580.16,51672.187
603113.SH,20220606,10.6,10.88,10.6,10.87,10.66,0.21,1.97,82861.06,89505.684
603113.SH,20220607,10.89,10.96,10.67,10.76,10.87,-0.11,-1.012,92020.18,99399.336
603113.SH,20220608,10.84,10.93,10.58,10.93,10.76,0.17,1.5799,105718.51,114330.28
603113.SH,20220609,10.97,10.98,10.55,10.77,10.93,-0.16,-1.4639,108246.64,116610.986
603113.SH,20220610,10.81,10.95,10.58,10.92,10.77,0.15,1.3928,121871.0,132059.04
603113.SH,20220613,10.79,11.02,10.66,10.83,10.92,-0.09,-0.8242,106116.16,114842.939
603113.SH,20220614,10.82,11.11,10.66,11.1,10.83,0.27,2.4931,159074.4,173750.873
603113.SH,20220615,11.04,11.2,10.9,10.9,11.1,-0.2,-1.8018,123845.87,136910.746
603113.SH,20220616,10.89,11.05,10.61,10.71,10.9,-0.19,-1.7431,136602.12,147364.306
603113.SH,20220617,10.69,10.88,10.6,10.79,10.71,0.08,0.747,84679.26,91230.812
603113.SH,20220620,10.71,10.86,10.54,10.79,10.79,0.0,0.0,97654.42,104622.507
603113.SH,20220621,10.86,10.91,10.53,10.64,10.79,-0.15,-1.3902,85692.54,91805.534
603113.SH,20220622,10.66,10.75,10.2,10.2,10.64,-0.44,-4.1353,98929.1,103164.776
603113.SH,20220623,10.24,10.66,10.21,10.65,10.2,0.45,4.4118,129352.37,135940.226
603113.SH,20220624,10.65,10.87,10.59,10.72,10.65,0.07,0.6573,72472.68,77767.226
603113.SH,20220627,10.76,11.36,10.76,11.24,10.72,0.52,4.8507,177154.46,197525.202
603113.SH,20220628,11.3,11.36,11.17,11.32,11.24,0.08,0.7117,93439.05,105333.623
603113.SH,20220629,11.3,11.41,11.01,11.03,11.32,-0.29,-2.5618,86907.16,97250.864
603113.SH,20220630,11.13,11.16,11.0,11.06,11.03,0.03,0.272,62239.87,68885.834
603113.SH,20220701,11.01,11.16,10.89,11.09,11.06,0.03,0.2712,55327.0,60981.76
603113.SH,20220704,11.15,11.3,11.04,11.13,11.09,0.04,0.3607,67090.72,74778.771
603113.SH,20220705,11.19,11.33,11.05,11.28,11.13,0.15,1.3477,99110.52,111204.808
603113.SH,20220706,11.2,11.23,10.75,10.85,11.28,-0.43,-3.8121,98184.62,107142.148
603113.SH,20220707,10.84,11.12,10.73,10.98,10.85,0.13,1.1982,74827.03,82099.965
603113.SH,20220708,10.83,10.83,10.4,10.45,10.63,-0.18,-1.6933,61495.0,64890.67
603113.SH,20220711,10.45,10.46,10.09,10.18,10.45,-0.27,-2.5837,59975.0,61114.725
603113.SH,20220712,10.19,10.24,10.0,10.01,10.18,-0.17,-1.6699,42359.01,42729.056
603113.SH,20220713,10.03,10.08,9.94,10.07,10.01,0.06,0.5994,39279.0,39347.12
603113.SH,20220714,10.02,10.12,9.98,10.01,10.07,-0.06,-0.5958,43072.3,43246.108
603113.SH,20220715,10.02,10.07,9.7,9.7,10.01,-0.31,-3.0969,64634.99,63814.038
603113.SH,20220718,9.6,9.86,9.34,9.82,9.7,0.12,1.2371,100493.54,97165.474
603113.SH,20220719,9.82,10.0,9.75,9.88,9.82,0.06,0.611,70418.18,69471.865
603113.SH,20220720,9.88,9.95,9.84,9.93,9.88,0.05,0.5061,47565.73,47059.835
603113.SH,20220721,9.94,9.94,9.75,9.77,9.93,-0.16,-1.6113,70307.0,68983.721
603113.SH,20220722,9.81,9.84,9.59,9.68,9.77,-0.09,-0.9212,52541.62,50986.784
603113.SH,20220725,9.8,9.82,9.57,9.6,9.68,-0.08,-0.8264,45520.31,44090.221
603113.SH,20220726,9.63,9.67,9.52,9.65,9.6,0.05,0.5208,32769.65,31443.043
603113.SH,20220727,9.66,9.73,9.58,9.71,9.65,0.06,0.6218,36307.65,35025.351
603113.SH,20220728,9.77,9.87,9.73,9.8,9.71,0.09,0.9269,63099.97,61658.429
603113.SH,20220729,9.81,9.96,9.71,9.75,9.8,-0.05,-0.5102,63896.81,62774.573
603113.SH,20220801,9.79,9.96,9.71,9.92,9.75,0.17,1.7436,68735.25,67722.172
603113.SH,20220802,9.87,9.87,9.25,9.46,9.92,-0.46,-4.6371,100046.63,94892.238
603113.SH,20220803,9.45,9.61,9.34,9.35,9.46,-0.11,-1.1628,61809.42,58797.461
603113.SH,20220804,9.4,9.47,9.24,9.42,9.35,0.07,0.7487,44637.03,41788.764
603113.SH,20220805,9.43,9.59,9.31,9.58,9.42,0.16,1.6985,40437.03,38198.171
603113.SH,20220808,9.5,9.67,9.49,9.65,9.58,0.07,0.7307,43804.77,42054.397
603113.SH,20220809,9.5,9.85,9.47,9.77,9.65,0.12,1.2435,83728.42,81388.206
603113.SH,20220810,9.79,9.82,9.65,9.71,9.77,-0.06,-0.6141,51704.66,50193.457
603113.SH,20220811,9.72,9.9,9.71,9.9,9.71,0.19,1.9567,56719.66,55836.945
603113.SH,20220812,9.86,10.14,9.84,10.02,9.9,0.12,1.2121,73822.57,73967.997
603113.SH,20220815,10.02,10.15,9.97,10.08,10.02,0.06,0.5988,63614.0,64010.181
603113.SH,20220816,10.1,10.16,9.96,10.13,10.08,0.05,0.496,67714.76,68133.826
603113.SH,20220817,10.19,10.24,10.04,10.13,10.13,0.0,0.0,82901.05,84090.173
603113.SH,20220818,10.09,10.11,9.91,9.93,10.13,-0.2,-1.9743,56797.7,56597.929
603113.SH,20220819,9.98,10.1,9.92,9.99,9.93,0.06,0.6042,52711.0,52742.487
603113.SH,20220822,9.98,10.38,9.96,10.25,9.99,0.26,2.6026,163749.96,167643.805
603113.SH,20220823,10.24,10.39,10.07,10.39,10.25,0.14,1.3659,120644.29,123762.114
603113.SH,20220824,10.44,10.47,10.04,10.1,10.39,-0.29,-2.7911,114778.07,117047.688
603113.SH,20220825,10.11,10.49,10.03,10.39,10.1,0.29,2.8713,155071.25,159312.521
603113.SH,20220826,10.39,10.4,10.18,10.31,10.39,-0.08,-0.77,147421.36,151728.476
603113.SH,20220829,10.14,10.54,10.0,10.46,10.31,0.15,1.4549,143270.68,147683.409
603113.SH,20220830,10.54,10.56,10.11,10.42,10.46,-0.04,-0.3824,156713.95,161187.332
603113.SH,20220831,10.3,10.34,10.03,10.09,10.42,-0.33,-3.167,119152.69,120892.468
603113.SH,20220901,10.08,10.32,10.06,10.14,10.09,0.05,0.4955,103944.04,106349.39
603113.SH,20220902,10.14,10.19,9.97,10.09,10.14,-0.05,-0.4931,84707.56,85271.774
603113.SH,20220905,10.08,10.54,10.08,10.41,10.09,0.32,3.1715,151508.2,157301.671
603113.SH,20220906,10.42,10.6,10.36,10.56,10.41,0.15,1.4409,119918.56,126232.738
603113.SH,20220907,10.52,10.57,10.41,10.47,10.56,-0.09,-0.8523,78036.52,81762.041
603113.SH,20220908,10.47,10.5,10.24,10.41,10.47,-0.06,-0.5731,81580.64,84695.854
603113.SH,20220909,10.48,10.52,10.27,10.48,10.41,0.07,0.6724,85894.49,89418.95
603113.SH,20220913,10.47,10.53,10.3,10.42,10.48,-0.06,-0.5725,84336.16,87707.939
603113.SH,20220914,10.27,10.47,10.23,10.38,10.42,-0.04,-0.3839,84782.84,87689.051
603113.SH,20220915,10.41,10.79,10.15,10.45,10.38,0.07,0.6744,178641.19,187728.063
603113.SH,20220916,10.52,10.65,10.2,10.2,10.45,-0.25,-2.3923,164449.47,170679.352
603113.SH,20220919,10.17,10.4,10.04,10.04,10.2,-0.16,-1.5686,98247.52,100409.657
603113.SH,20220920,10.18,10.47,10.11,10.36,10.04,0.32,3.1873,124164.89,128024.706
603113.SH,20220921,10.35,10.57,10.26,10.54,10.36,0.18,1.7375,133216.47,139313.517
603113.SH,20220922,10.36,10.68,10.36,10.64,10.54,0.1,0.9488,145505.21,154281.754
603113.SH,20220923,10.62,10.65,10.34,10.34,10.64,-0.3,-2.8195,124698.95,130460.097
603113.SH,20220926,10.21,10.3,9.31,9.4,10.34,-0.94,-9.0909,253695.54,241746.983
603113.SH,20220927,9.56,9.87,9.08,9.79,9.4,0.39,4.1489,158455.44,150566.464
603113.SH,20220928,9.74,9.81,9.39,9.4,9.79,-0.39,-3.9837,86234.11,82345.07
603113.SH,20220929,9.45,9.64,9.31,9.4,9.4,0.0,0.0,62010.79,58750.258
603113.SH,20220930,9.31,9.46,9.3,9.3,9.4,-0.1,-1.0638,48059.35,45062.349
603113.SH,20221010,9.3,9.5,9.19,9.24,9.3,-0.06,-0.6452,55171.91,51663.512
603113.SH,20221011,9.23,9.28,8.91,9.13,9.24,-0.11,-1.1905,69840.22,63177.088
603113.SH,20221012,9.2,9.23,8.97,9.23,9.13,0.1,1.0953,54649.8,49664.705
603113.SH,20221013,9.2,9.21,9.0,9.09,9.23,-0.14,-1.5168,62784.5,57031.375
603113.SH,20221014,9.12,9.3,9.12,9.22,9.09,0.13,1.4301,73545.61,67883.952
603113.SH,20221017,9.21,9.34,9.08,9.3,9.22,0.08,0.8677,64316.76,59366.6
603113.SH,20221018,9.26,9.39,9.25,9.34,9.3,0.04,0.4301,59152.23,55125.758
603113.SH,20221019,9.33,9.53,9.26,9.38,9.34,0.04,0.4283,71623.63,67298.3
603113.SH,20221020,9.33,9.43,9.15,9.18,9.38,-0.2,-2.1322,61798.18,57171.314
603113.SH,20221021,9.2,9.28,9.12,9.12,9.18,-0.06,-0.6536,37614.26,34551.904
603113.SH,20221024,9.15,9.24,8.91,8.97,9.12,-0.15,-1.6447,51708.35,46852.416
603113.SH,20221025,8.91,8.99,8.73,8.88,8.97,-0.09,-1.0033,46475.79,41178.134
603113.SH,20221026,8.88,9.09,8.86,8.96,8.88,0.08,0.9009,45779.92,41113.784
603113.SH,20221027,8.95,9.07,8.92,9.0,8.96,0.04,0.4464,32674.59,29464.793
603113.SH,20221028,9.0,9.0,8.65,8.71,9.0,-0.29,-3.2222,55261.11,48648.412
603113.SH,20221031,8.68,9.11,8.68,8.99,8.71,0.28,3.2147,68583.28,61549.221
603113.SH,20221101,8.88,9.14,8.88,9.12,8.99,0.13,1.4461,51411.48,46598.01
603113.SH,20221102,9.14,9.2,9.1,9.18,9.12,0.06,0.6579,36155.0,33121.694
603113.SH,20221103,9.12,9.22,9.08,9.14,9.18,-0.04,-0.4357,30372.76,27726.893
603113.SH,20221104,9.25,9.28,9.12,9.28,9.14,0.14,1.5317,56893.45,52448.771
603113.SH,20221107,9.25,9.47,9.22,9.43,9.28,0.15,1.6164,65953.73,61844.178
603113.SH,20221108,9.39,9.46,9.32,9.4,9.43,-0.03,-0.3181,33239.25,31159.355
603113.SH,20221109,9.41,9.47,9.35,9.37,9.4,-0.03,-0.3191,28765.16,26996.208
603113.SH,20221110,9.35,9.44,9.24,9.43,9.37,0.06,0.6403,41033.62,38484.212
603113.SH,20221111,9.5,9.66,9.47,9.49,9.43,0.06,0.6363,46808.0,44637.798
603113.SH,20221114,9.49,9.62,9.41,9.49,9.49,0.0,0.0,55228.0,52532.779
603113.SH,20221115,9.52,9.87,9.42,9.68,9.49,0.19,2.0021,81373.17,78936.628
603113.SH,20221116,9.7,9.81,9.69,9.75,9.68,0.07,0.7231,43237.0,42198.527
603113.SH,20221117,9.74,9.89,9.66,9.72,9.75,-0.03,-0.3077,44314.89,43293.049
603113.SH,20221118,9.73,9.75,9.57,9.58,9.72,-0.14,-1.4403,53996.24,52025.774
603113.SH,20221121,9.54,9.64,9.48,9.58,9.58,0.0,0.0,32455.41,31000.086
603113.SH,20221122,9.51,9.64,9.45,9.51,9.58,-0.07,-0.7307,44801.62,42688.842
603113.SH,20221123,9.58,9.75,9.42,9.62,9.51,0.11,1.1567,49592.28,47323.058
603113.SH,20221124,9.57,9.62,9.47,9.57,9.62,-0.05,-0.5198,31607.66,30187.468
603113.SH,20221125,9.52,9.71,9.52,9.61,9.57,0.04,0.418,42267.17,40628.882
603113.SH,20221128,9.58,9.65,9.47,9.58,9.61,-0.03,-0.3122,39546.09,37871.241
603113.SH,20221129,9.58,9.74,9.58,9.69,9.58,0.11,1.1482,58412.21,56578.354
603113.SH,20221130,9.72,9.88,9.7,9.76,9.69,0.07,0.7224,64199.98,62892.866
603113.SH,20221201,9.87,9.9,9.68,9.69,9.76,-0.07,-0.7172,52685.66,51425.023
603113.SH,20221202,9.66,9.76,9.65,9.72,9.69,0.03,0.3096,31924.8,30969.888
603113.SH,20221205,9.73,9.87,9.69,9.86,9.72,0.14,1.4403,63676.39,62359.75
603113.SH,20221206,9.86,9.88,9.76,9.87,9.86,0.01,0.1014,36303.93,35672.585
603113.SH,20221207,9.97,9.97,9.78,9.88,9.87,0.01,0.1013,46114.04,45481.387
603113.SH,20221208,9.88,9.94,9.74,9.77,9.88,-0.11,-1.1134,37120.55,36328.799
603113.SH,20221209,9.77,9.89,9.77,9.85,9.77,0.08,0.8188,57290.87,56324.787
603113.SH,20221212,9.84,9.92,9.72,9.77,9.85,-0.08,-0.8122,68094.25,66839.748
603113.SH,20221213,9.79,9.9,9.68,9.88,9.77,0.11,1.1259,47686.68,46860.692
603113.SH,20221214,9.88,9.91,9.81,9.89,9.88,0.01,0.1012,28886.26,28483.792
603113.SH,20221215,9.89,9.89,9.76,9.79,9.89,-0.1,-1.0111,29044.0,28476.417
603113.SH,20221216,9.78,9.94,9.73,9.89,9.79,0.1,1.0215,36627.09,36109.978
603113.SH,20221219,9.82,9.86,9.49,9.54,9.89,-0.35,-3.5389,50857.46,48920.629
603113.SH,20221220,9.58,9.58,9.39,9.44,9.54,-0.1,-1.0482,28636.49,27159.641
603113.SH,20221221,9.42,9.54,9.33,9.36,9.44,-0.08,-0.8475,24450.49,23000.355
603113.SH,20221222,9.49,9.53,9.11,9.13,9.36,-0.23,-2.4573,38398.08,35568.064
603113.SH,20221223,9.11,9.28,9.09,9.2,9.13,0.07,0.7667,23991.83,22031.829
603113.SH,20221226,9.16,9.3,9.12,9.17,9.2,-0.03,-0.3261,27323.3,25053.562
603113.SH,20221227,9.17,9.28,9.16,9.26,9.17,0.09,0.9815,26835.05,24721.929
603113.SH,20221228,9.14,9.31,9.14,9.24,9.26,-0.02,-0.216,25717.21,23790.708
603113.SH,20221229,9.2,9.27,9.07,9.07,9.24,-0.17,-1.8398,30904.0,28255.425
603113.SH,20221230,9.18,9.18,9.05,9.07,9.07,0.0,0.0,25045.68,22758.26
603113.SH,20230103,9.0,9.22,9.0,9.2,9.07,0.13,1.4333,41832.32,38142.035
603113.SH,20230104,9.22,9.3,9.18,9.23,9.2,0.03,0.3261,41596.93,38425.1
603113.SH,20230105,9.21,9.33,9.16,9.31,9.23,0.08,0.8667,39578.0,36614.724
603113.SH,20230106,9.28,9.4,9.27,9.37,9.31,0.06,0.6445,27426.35,25618.142
603113.SH,20230109,9.37,9.47,9.32,9.36,9.37,-0.01,-0.1067,35231.75,33029.127
603113.SH,20230110,9.39,9.4,9.27,9.28,9.36,-0.08,-0.8547,22265.34,20703.624
603113.SH,20230111,9.35,9.57,9.27,9.47,9.28,0.19,2.0474,56567.24,53474.002
603113.SH,20230112,9.45,9.52,9.37,9.43,9.47,-0.04,-0.4224,24000.0,22633.358
603113.SH,20230113,9.43,9.5,9.36,9.42,9.43,-0.01,-0.106,21989.12,20698.579
603113.SH,20230116,9.42,9.52,9.35,9.5,9.42,0.08,0.8493,38148.32,36179.36
603113.SH,20230117,9.5,9.61,9.46,9.52,9.5,0.02,0.2105,31562.0,30133.084
603113.SH,20230118,9.52,9.58,9.48,9.5,9.52,-0.02,-0.2101,28755.63,27367.701
603113.SH,20230119,9.5,9.58,9.45,9.56,9.5,0.06,0.6316,30553.0,29073.835
603113.SH,20230120,9.56,9.68,9.53,9.66,9.56,0.1,1.046,40041.49,38531.385
603113.SH,20230130,9.73,9.81,9.66,9.73,9.66,0.07,0.7246,45304.94,44124.554
603113.SH,20230131,9.64,9.8,9.62,9.8,9.73,0.07,0.7194,47144.49,45966.06
603113.SH,20230201,9.78,9.89,9.75,9.87,9.8,0.07,0.7143,44519.23,43710.991
603113.SH,20230202,9.87,9.93,9.81,9.87,9.87,0.0,0.0,32338.41,31920.52
603113.SH,20230203,9.85,9.88,9.71,9.87,9.87,0.0,0.0,42723.0,41860.332
603113.SH,20230206,9.88,9.96,9.81,9.87,9.87,0.0,0.0,42091.18,41604.924
603113.SH,20230207,9.85,9.91,9.82,9.9,9.87,0.03,0.304,37549.94,37066.564
603113.SH,20230208,9.9,9.92,9.8,9.8,9.9,-0.1,-1.0101,34107.51,33585.789
603113.SH,20230209,9.8,9.86,9.75,9.84,9.8,0.04,0.4082,34479.69,33892.656
603113.SH,20230210,9.89,9.89,9.78,9.85,9.84,0.01,0.1016,28920.0,28437.138
603113.SH,20230213,9.85,9.89,9.78,9.81,9.85,-0.04,-0.4061,46656.0,45830.991
603113.SH,20230214,9.85,10.75,9.83,10.5,9.81,0.69,7.0336,268148.11,279353.839
603113.SH,20230215,10.57,10.83,10.4,10.53,10.5,0.03,0.2857,210957.49,222938.569
603113.SH,20230216,10.53,10.7,10.11,10.18,10.53,-0.35,-3.3238,170186.12,177380.31
603113.SH,20230217,10.25,10.47,10.23,10.34,10.18,0.16,1.5717,101604.91,105250.852
603113.SH,20230220,10.34,10.45,10.22,10.36,10.34,0.02,0.1934,92698.21,95606.943
603113.SH,20230221,10.36,10.65,10.28,10.61,10.36,0.25,2.4131,153215.2,161638.816
603113.SH,20230222,10.57,10.65,10.46,10.57,10.61,-0.04,-0.377,78653.06,83053.821
603113.SH,20230223,10.66,10.73,10.42,10.51,10.57,-0.06,-0.5676,92592.84,97555.603
603113.SH,20230224,10.49,10.59,10.38,10.54,10.51,0.03,0.2854,74964.42,78560.744
603113.SH,20230227,10.52,10.65,10.41,10.47,10.54,-0.07,-0.6641,66447.0,70108.964
603113.SH,20230228,10.47,10.54,10.43,10.53,10.47,0.06,0.5731,56023.0,58717.528
603113.SH,20230301,10.58,10.58,10.42,10.43,10.53,-0.1,-0.9497,58153.31,60865.929
603113.SH,20230302,10.41,10.55,10.41,10.47,10.43,0.04,0.3835,45772.47,47955.132
603113.SH,20230303,10.45,10.51,10.31,10.35,10.47,-0.12,-1.1461,64029.38,66380.394
603113.SH,20230306,10.38,10.44,10.16,10.18,10.35,-0.17,-1.6425,61997.6,63433.499
603113.SH,20230307,10.27,10.31,10.0,10.03,10.18,-0.15,-1.4735,55355.0,56174.611
603113.SH,20230308,9.99,10.09,9.92,10.06,10.03,0.03,0.2991,48342.95,48436.247
603113.SH,20230309,10.06,10.1,9.97,10.0,10.06,-0.06,-0.5964,43960.47,44006.031
603113.SH,20230310,10.08,10.08,9.82,9.82,10.0,-0.18,-1.8,39963.15,39488.806
603113.SH,20230313,9.8,9.85,9.65,9.75,9.82,-0.07,-0.7128,44858.69,43594.717
603113.SH,20230314,9.73,9.8,9.55,9.7,9.75,-0.05,-0.5128,53964.0,52326.699
603113.SH,20230315,9.78,10.2,9.74,10.09,9.7,0.39,4.0206,92783.06,93053.518
603113.SH,20230316,10.01,10.03,9.72,9.76,10.09,-0.33,-3.2706,73604.0,72357.578
603113.SH,20230317,9.86,9.9,9.75,9.79,9.76,0.03,0.3074,45023.26,44248.005
603113.SH,20230320,9.81,9.87,9.7,9.85,9.79,0.06,0.6129,49523.49,48567.539
603113.SH,20230321,9.85,9.88,9.75,9.82,9.85,-0.03,-0.3046,52192.12,51147.921
603113.SH,20230322,9.87,10.0,9.82,9.94,9.82,0.12,1.222,50464.86,50121.841
603113.SH,20230323,9.94,10.07,9.9,10.0,9.94,0.06,0.6036,57420.69,57221.123
603113.SH,20230324,9.97,10.0,9.81,9.85,10.0,-0.15,-1.5,72469.31,71664.131
603113.SH,20230327,9.7,9.91,9.69,9.84,9.85,-0.01,-0.1015,67195.17,65853.618
603113.SH,20230328,9.9,9.93,9.81,9.83,9.84,-0.01,-0.1016,58807.19,57994.714
603113.SH,20230329,9.85,9.88,9.7,9.77,9.83,-0.06,-0.6104,40908.92,39967.583
603113.SH,20230330,9.73,9.82,9.67,9.81,9.77,0.04,0.4094,47991.88,46761.255
603113.SH,20230331,9.82,9.98,9.81,9.95,9.81,0.14,1.4271,52967.51,52507.841
603113.SH,20230403,10.0,10.43,9.92,10.24,9.95,0.29,2.9146,137248.03,140529.201
603113.SH,20230404,10.27,10.28,10.03,10.1,10.24,-0.14,-1.3672,67704.68,68535.649
603113.SH,20230406,10.13,10.13,9.9,9.96,10.1,-0.14,-1.3861,52473.12,52384.12
603113.SH,20230407,10.0,10.0,9.8,9.9,9.96,-0.06,-0.6024,59511.0,58758.646
603113.SH,20230410,9.92,9.93,9.75,9.78,9.9,-0.12,-1.2121,55854.08,54733.691
603113.SH,20230411,9.75,9.89,9.71,9.85,9.78,0.07,0.7157,53315.0,52315.382
603113.SH,20230412,9.9,10.15,9.88,10.0,9.85,0.15,1.5228,87735.97,87876.771
603113.SH,20230413,10.09,10.09,9.88,9.94,10.0,-0.06,-0.6,41674.65,41415.744
603113.SH,20230414,9.96,9.98,9.86,9.87,9.94,-0.07,-0.7042,38231.0,37846.629
603113.SH,20230417,9.87,9.93,9.8,9.88,9.87,0.01,0.1013,45718.0,45185.282
603113.SH,20230418,9.9,9.98,9.84,9.95,9.88,0.07,0.7085,44741.6,44410.422
603113.SH,20230419,9.95,10.17,9.91,10.05,9.95,0.1,1.005,78792.74,79419.144
603113.SH,20230420,10.04,10.04,9.8,9.91,10.05,-0.14,-1.393,50760.96,50145.964
603113.SH,20230421,9.8,9.8,9.2,9.38,9.91,-0.53,-5.3481,161722.62,151885.238
603113.SH,20230424,9.37,9.37,9.11,9.15,9.38,-0.23,-2.452,89272.0,81968.315
603113.SH,20230425,9.19,9.34,9.04,9.17,9.15,0.02,0.2186,71689.33,65923.455
603113.SH,20230426,9.15,9.29,9.09,9.24,9.17,0.07,0.7634,44309.26,40799.363
603113.SH,20230427,9.2,9.3,9.15,9.21,9.24,-0.03,-0.3247,47518.64,43829.468
603113.SH,20230428,9.16,9.35,9.16,9.28,9.21,0.07,0.76,45518.0,42296.49
603113.SH,20230504,9.05,9.21,8.93,9.09,9.28,-0.19,-2.0474,72150.13,65517.573
603113.SH,20230505,9.06,9.09,8.85,8.9,9.09,-0.19,-2.0902,72557.22,64800.745
603113.SH,20230508,8.91,9.02,8.9,9.0,8.9,0.1,1.1236,45510.35,40858.33
603113.SH,20230509,9.0,9.15,8.93,8.93,9.0,-0.07,-0.7778,51063.58,46182.216
603113.SH,20230510,8.93,8.98,8.86,8.95,8.93,0.02,0.224,45738.46,40810.129
603113.SH,20230511,8.95,9.02,8.88,8.96,8.95,0.01,0.1117,24270.1,21724.367
603113.SH,20230512,9.0,9.02,8.88,8.89,8.96,-0.07,-0.7813,28915.73,25814.626
603113.SH,20230515,8.89,8.96,8.83,8.95,8.89,0.06,0.6749,28520.4,25371.742
603113.SH,20230516,8.93,8.94,8.84,8.85,8.95,-0.1,-1.1173,23831.07,21154.704
603113.SH,20230517,8.85,8.86,8.75,8.81,8.85,-0.04,-0.452,23107.6,20347.544
603113.SH,20230518,8.85,8.86,8.78,8.79,8.81,-0.02,-0.227,28660.45,25243.342
603113.SH,20230519,8.75,8.75,8.63,8.68,8.79,-0.11,-1.2514,34603.56,30019.793
603113.SH,20230522,8.64,8.67,8.59,8.61,8.68,-0.07,-0.8065,32919.96,28376.224
603113.SH,20230523,8.72,8.85,8.54,8.57,8.61,-0.04,-0.4646,52854.9,45865.464
603113.SH,20230524,8.56,8.59,8.45,8.5,8.57,-0.07,-0.8168,38133.08,32493.623
603113.SH,20230525,8.46,8.54,8.34,8.43,8.5,-0.07,-0.8235,34596.67,29153.028
603113.SH,20230526,8.44,8.45,8.32,8.4,8.43,-0.03,-0.3559,25752.57,21552.049
603113.SH,20230529,8.4,8.46,8.37,8.38,8.4,-0.02,-0.2381,34481.99,28985.418
603113.SH,20230530,8.36,8.44,8.33,8.44,8.38,0.06,0.716,23366.6,19593.671
603113.SH,20230531,8.4,8.44,8.32,8.34,8.44,-0.1,-1.1848,24955.64,20846.673
603113.SH,20230601,8.34,8.41,8.31,8.35,8.34,0.01,0.1199,25370.72,21209.761
603113.SH,20230602,8.34,8.48,8.34,8.47,8.35,0.12,1.4371,30449.72,25645.113
603113.SH,20230605,8.49,8.54,8.41,8.42,8.47,-0.05,-0.5903,35712.3,30178.022
603113.SH,20230606,8.4,8.51,8.35,8.36,8.42,-0.06,-0.7126,31632.92,26659.667
603113.SH,20230607,8.36,8.38,8.31,8.32,8.36,-0.04,-0.4785,21186.38,17678.122
603113.SH,20230608,8.32,8.36,8.27,8.3,8.32,-0.02,-0.2404,35964.9,29861.22
603113.SH,20230609,8.28,8.33,8.28,8.3,8.3,0.0,0.0,30039.6,24947.802
603113.SH,20230612,8.28,8.32,8.12,8.27,8.3,-0.03,-0.3614,54611.39,44974.586
603113.SH,20230613,8.27,8.29,8.13,8.14,8.27,-0.13,-1.5719,46183.26,37762.0
603113.SH,20230614,8.15,8.18,8.09,8.12,8.14,-0.02,-0.2457,31317.17,25458.85
603113.SH,20230615,8.1,8.14,8.05,8.12,8.12,0.0,0.0,37635.1,30450.62
603113.SH,20230616,8.14,8.18,8.12,8.15,8.12,0.03,0.3695,34879.4,28410.534
603113.SH,20230619,8.15,8.19,8.0,8.02,8.15,-0.13,-1.5951,49495.56,39995.672
603113.SH,20230620,8.02,8.05,7.89,7.89,8.02,-0.13,-1.6209,46894.66,37195.563
603113.SH,20230621,7.9,7.93,7.8,7.81,7.89,-0.08,-1.0139,36560.31,28705.036
603113.SH,20230626,7.8,7.81,7.68,7.72,7.81,-0.09,-1.1524,36192.45,27979.566
603113.SH,20230627,7.72,7.95,7.7,7.93,7.72,0.21,2.7202,37446.38,29529.123
603113.SH,20230628,7.94,8.16,7.9,8.16,7.93,0.23,2.9004,76590.2,61764.881
603113.SH,20230629,8.1,8.13,8.0,8.01,8.16,-0.15,-1.8382,41474.23,33353.524
603113.SH,20230630,8.04,8.11,8.01,8.09,8.01,0.08,0.9988,25974.17,20980.374
603113.SH,20230703,8.1,8.33,8.06,8.28,8.09,0.19,2.3486,66332.36,54671.46
603113.SH,20230704,8.29,8.29,8.2,8.25,8.28,-0.03,-0.3623,30109.38,24799.867
603113.SH,20230705,8.27,8.33,8.24,8.3,8.25,0.05,0.6061,26634.95,22075.541
603113.SH,20230706,8.3,8.31,8.21,8.26,8.3,-0.04,-0.4819,26327.78,21733.081
603113.SH,20230707,8.26,8.32,8.21,8.27,8.26,0.01,0.1211,25485.2,21087.929
603113.SH,20230710,8.22,8.24,8.09,8.11,8.15,-0.04,-0.4908,35895.0,29192.989
603113.SH,20230711,8.16,8.18,8.1,8.16,8.11,0.05,0.6165,31213.35,25382.301
603113.SH,20230712,8.15,8.21,8.11,8.15,8.16,-0.01,-0.1225,31158.2,25440.494
603113.SH,20230713,8.13,8.3,8.13,8.29,8.15,0.14,1.7178,40920.64,33813.551
603113.SH,20230714,8.28,8.34,8.23,8.29,8.29,0.0,0.0,25058.85,20784.034
603113.SH,20230717,8.28,8.3,8.14,8.26,8.29,-0.03,-0.3619,33458.33,27522.553
603113.SH,20230718,8.3,8.38,8.2,8.34,8.26,0.08,0.9685,33581.22,27921.19
603113.SH,20230719,8.33,8.42,8.3,8.41,8.34,0.07,0.8393,30521.5,25602.822
603113.SH,20230720,8.43,8.5,8.36,8.38,8.41,-0.03,-0.3567,45264.33,38218.248
603113.SH,20230721,8.38,8.46,8.33,8.38,8.38,0.0,0.0,28704.46,24117.477
603113.SH,20230724,8.38,8.42,8.3,8.33,8.38,-0.05,-0.5967,22421.0,18715.72
603113.SH,20230725,8.43,8.51,8.38,8.43,8.33,0.1,1.2005,31839.64,26896.354
603113.SH,20230726,8.38,8.46,8.3,8.45,8.43,0.02,0.2372,24610.0,20714.753
603113.SH,20230727,8.45,8.52,8.43,8.44,8.45,-0.01,-0.1183,29548.17,25061.227
603113.SH,20230728,8.4,8.56,8.4,8.54,8.44,0.1,1.1848,31458.25,26775.441
603113.SH,20230731,8.49,8.66,8.49,8.59,8.54,0.05,0.5855,41026.97,35281.014
603113.SH,20230801,8.69,8.77,8.59,8.75,8.59,0.16,1.8626,60743.0,52864.205
603113.SH,20230802,8.73,8.75,8.59,8.62,8.75,-0.13,-1.4857,43909.77,37927.795
603113.SH,20230803,8.59,8.75,8.54,8.68,8.62,0.06,0.6961,35145.0,30365.655
603113.SH,20230804,8.71,8.75,8.63,8.64,8.68,-0.04,-0.4608,35594.09,30960.281
603113.SH,20230807,8.65,8.65,8.52,8.55,8.64,-0.09,-1.0417,35008.41,30001.631
603113.SH,20230808,8.6,8.61,8.38,8.6,8.55,0.05,0.5848,49358.98,42019.848
603113.SH,20230809,8.62,8.62,8.46,8.5,8.6,-0.1,-1.1628,27382.09,23318.52
603113.SH,20230810,8.5,8.59,8.45,8.5,8.5,0.0,0.0,37985.67,32326.981
603113.SH,20230811,8.5,8.56,8.31,8.33,8.5,-0.17,-2.0,30110.12,25258.106
603113.SH,20230814,8.29,8.39,8.25,8.37,8.33,0.04,0.4802,29936.7,24878.068
603113.SH,20230815,8.41,8.44,8.25,8.33,8.37,-0.04,-0.4779,22565.0,18795.382
603113.SH,20230816,8.31,8.35,8.23,8.27,8.33,-0.06,-0.7203,19830.0,16432.987
603113.SH,20230817,8.32,8.32,8.08,8.18,8.27,-0.09,-1.0883,51586.0,42111.233
603113.SH,20230818,8.13,8.26,8.07,8.08,8.18,-0.1,-1.2225,39943.0,32598.463
603113.SH,20230821,8.07,8.24,8.03,8.03,8.08,-0.05,-0.6188,38349.0,31029.285
603113.SH,20230822,8.08,8.14,7.92,8.02,8.03,-0.01,-0.1245,30990.64,24819.758
603113.SH,20230823,7.98,8.1,7.96,7.96,8.02,-0.06,-0.7481,29498.0,23662.607
603113.SH,20230824,8.03,8.08,7.87,7.92,7.96,-0.04,-0.5025,40612.22,32273.123
603113.SH,20230825,7.91,8.04,7.8,7.84,7.92,-0.08,-1.0101,36622.09,28995.148
603113.SH,20230828,8.16,8.41,8.14,8.16,7.84,0.32,4.0816,119353.49,98808.174
603113.SH,20230829,8.24,8.49,8.18,8.4,8.16,0.24,2.9412,84923.74,71009.308
603113.SH,20230830,8.45,8.55,8.3,8.32,8.4,-0.08,-0.9524,42889.2,36031.431
603113.SH,20230831,8.32,8.37,8.2,8.24,8.32,-0.08,-0.9615,43125.08,35621.258
603113.SH,20230901,8.17,8.42,8.17,8.37,8.24,0.13,1.5777,50453.09,42034.956
603113.SH,20230904,8.37,8.65,8.35,8.6,8.37,0.23,2.7479,81100.48,69473.097
603113.SH,20230905,8.64,8.65,8.54,8.63,8.6,0.03,0.3488,70761.03,60874.586
603113.SH,20230906,8.65,8.67,8.54,8.61,8.63,-0.02,-0.2317,39178.0,33681.226
603113.SH,20230907,8.71,8.72,8.56,8.59,8.61,-0.02,-0.2323,47842.55,41161.482
603113.SH,20230908,8.58,8.68,8.53,8.62,8.59,0.03,0.3492,61364.0,52805.022
603113.SH,20230911,8.59,8.78,8.54,8.69,8.62,0.07,0.8121,68136.03,59326.066
603113.SH,20230912,8.69,8.77,8.59,8.62,8.69,-0.07,-0.8055,38305.19,33149.833
603113.SH,20230913,8.55,8.69,8.49,8.55,8.62,-0.07,-0.8121,55393.45,47399.159
603113.SH,20230914,8.5,8.66,8.48,8.58,8.55,0.03,0.3509,67876.0,58394.781
603113.SH,20230915,8.71,8.74,8.6,8.65,8.58,0.07,0.8159,60860.54,52635.185
603113.SH,20230918,8.7,8.76,8.55,8.74,8.65,0.09,1.0405,59346.14,51627.085
603113.SH,20230919,8.76,8.78,8.63,8.68,8.74,-0.06,-0.6865,41852.0,36422.046
603113.SH,20230920,8.64,8.71,8.6,8.63,8.68,-0.05,-0.576,32463.44,28104.898
603113.SH,20230921,8.59,8.69,8.52,8.55,8.63,-0.08,-0.927,30462.43,26130.869
603113.SH,20230922,8.55,8.6,8.47,8.49,8.55,-0.06,-0.7018,50444.16,42904.988
603113.SH,20230925,8.45,8.53,8.4,8.42,8.49,-0.07,-0.8245,39813.91,33618.159
603113.SH,20230926,8.42,8.45,8.28,8.33,8.42,-0.09,-1.0689,37979.82,31717.148
603113.SH,20230927,8.33,8.36,8.28,8.28,8.33,-0.05,-0.6002,35536.97,29533.196
603113.SH,20230928,8.31,8.4,8.26,8.36,8.28,0.08,0.9662,44912.0,37451.115
603113.SH,20231009,8.34,8.4,8.22,8.35,8.36,-0.01,-0.1196,43749.0,36417.817
603113.SH,20231010,8.35,8.38,8.18,8.19,8.35,-0.16,-1.9162,39283.0,32374.997
603113.SH,20231011,8.2,8.27,8.1,8.12,8.19,-0.07,-0.8547,36039.0,29441.19
603113.SH,20231012,8.16,8.21,8.14,8.2,8.12,0.08,0.9852,28000.0,22892.612
603113.SH,20231013,8.18,8.22,8.05,8.16,8.2,-0.04,-0.4878,34081.31,27688.618
603113.SH,20231016,8.18,8.25,8.07,8.23,8.16,0.07,0.8578,43167.37,35368.837
603113.SH,20231017,8.23,8.26,8.16,8.23,8.23,0.0,0.0,24233.0,19906.928
603113.SH,20231018,8.25,8.26,8.09,8.1,8.23,-0.13,-1.5796,31024.0,25241.595
603113.SH,20231019,8.07,8.14,7.99,8.04,8.1,-0.06,-0.7407,33403.0,26945.63
603113.SH,20231020,8.04,8.19,8.01,8.02,8.04,-0.02,-0.2488,31951.54,25745.979
603113.SH,20231023,8.02,8.04,7.85,7.9,8.02,-0.12,-1.4963,35865.96,28454.952
603113.SH,20231024,7.9,8.11,7.87,8.06,7.9,0.16,2.0253,41058.6,32778.531
603113.SH,20231025,8.08,8.44,8.08,8.34,8.06,0.28,3.4739,53785.79,44880.263
603113.SH,20231026,8.3,8.41,8.24,8.38,8.34,0.04,0.4796,34095.18,28343.268
603113.SH,20231027,8.4,8.42,8.23,8.4,8.38,0.02,0.2387,38844.0,32477.184
603113.SH,20231030,8.32,8.41,8.27,8.27,8.4,-0.13,-1.5476,51062.0,42551.765
603113.SH,20231031,8.28,8.33,8.19,8.24,8.27,-0.03,-0.3628,57090.85,47045.45
603113.SH,20231101,8.26,8.28,8.18,8.25,8.24,0.01,0.1214,40993.98,33729.694
603113.SH,20231102,8.3,8.33,8.16,8.22,8.25,-0.03,-0.3636,35157.0,28924.442
603113.SH,20231103,8.22,8.31,8.2,8.22,8.22,0.0,0.0,51325.0,42356.519
603113.SH,20231106,8.25,8.3,8.2,8.27,8.22,0.05,0.6083,59076.91,48775.001
603113.SH,20231107,8.25,8.32,8.21,8.29,8.27,0.02,0.2418,46623.0,38550.465
603113.SH,20231108,8.27,8.31,8.16,8.19,8.29,-0.1,-1.2063,60949.79,50026.826
603113.SH,20231109,8.16,8.29,8.14,8.22,8.19,0.03,0.3663,59069.55,48656.993
603113.SH,20231110,8.21,8.34,8.18,8.33,8.22,0.11,1.3382,63288.23,52287.79
603113.SH,20231113,8.33,8.46,8.3,8.46,8.33,0.13,1.5606,55026.0,46091.288
603113.SH,20231114,8.52,8.52,8.33,8.37,8.46,-0.09,-1.0638,53829.0,45120.476
603113.SH,20231115,8.4,8.43,8.34,8.4,8.37,0.03,0.3584,36645.27,30723.414
603113.SH,20231116,8.38,8.44,8.33,8.39,8.4,-0.01,-0.119,49718.0,41666.815
603113.SH,20231117,8.38,8.43,8.34,8.38,8.39,-0.01,-0.1192,34758.86,29121.411
603113.SH,20231120,8.4,8.5,8.37,8.48,8.38,0.1,1.1933,47356.77,40033.77
603113.SH,20231121,8.49,8.56,8.44,8.45,8.48,-0.03,-0.3538,44185.11,37562.285
603113.SH,20231122,8.45,8.53,8.42,8.43,8.45,-0.02,-0.2367,35903.68,30449.052
603113.SH,20231123,8.41,8.61,8.4,8.6,8.43,0.17,2.0166,44810.92,38217.698
603113.SH,20231124,8.53,8.66,8.52,8.62,8.6,0.02,0.2326,60585.09,52033.307
603113.SH,20231127,8.64,8.66,8.53,8.6,8.62,-0.02,-0.232,54777.21,47094.83
603113.SH,20231128,8.61,8.64,8.48,8.57,8.6,-0.03,-0.3488,35415.0,30227.568
603113.SH,20231129,8.6,8.62,8.52,8.54,8.57,-0.03,-0.3501,34549.78,29566.408
603113.SH,20231130,8.56,8.57,8.43,8.45,8.54,-0.09,-1.0539,44012.0,37304.118
603113.SH,20231201,8.48,8.57,8.43,8.52,8.45,0.07,0.8284,46728.57,39799.738
603113.SH,20231204,8.52,8.66,8.51,8.62,8.52,0.1,1.1737,64252.17,55188.937
603113.SH,20231205,8.61,8.61,8.42,8.43,8.62,-0.19,-2.2042,39533.0,33652.448
603113.SH,20231206,8.4,8.57,8.39,8.52,8.43,0.09,1.0676,28339.0,24111.691
603113.SH,20231207,8.53,8.56,8.45,8.52,8.52,0.0,0.0,33362.0,28386.221
603113.SH,20231208,8.55,8.55,8.35,8.37,8.52,-0.15,-1.7606,48063.0,40549.942
603113.SH,20231211,8.36,8.57,8.21,8.55,8.37,0.18,2.1505,71253.0,60308.753
603113.SH,20231212,8.55,8.56,8.44,8.55,8.55,0.0,0.0,37265.0,31671.194
603113.SH,20231213,8.48,8.55,8.45,8.46,8.55,-0.09,-1.0526,32605.0,27734.566
603113.SH,20231214,8.52,8.57,8.45,8.53,8.46,0.07,0.8274,32072.0,27336.057
603113.SH,20231215,8.51,8.59,8.41,8.43,8.53,-0.1,-1.1723,36545.0,31025.259
603113.SH,20231218,8.46,8.46,8.33,8.35,8.43,-0.08,-0.949,33161.0,27787.801
603113.SH,20231219,8.4,8.44,8.18,8.23,8.35,-0.12,-1.4371,46175.0,38077.266
603113.SH,20231220,8.24,8.39,8.21,8.22,8.23,-0.01,-0.1215,43400.52,35958.952
603113.SH,20231221,8.24,8.24,8.01,8.2,8.22,-0.02,-0.2433,46237.34,37687.874
603113.SH,20231222,8.19,8.23,8.11,8.16,8.2,-0.04,-0.4878,39755.0,32471.238
603113.SH,20231225,8.16,8.19,8.0,8.1,8.16,-0.06,-0.7353,45631.0,36727.337
603113.SH,20231226,8.15,8.18,7.99,8.0,8.1,-0.1,-1.2346,41582.0,33625.215
603113.SH,20231227,8.02,8.1,7.88,8.02,8.0,0.02,0.25,52251.13,41580.794
603113.SH,20231228,8.01,8.08,7.93,8.08,8.02,0.06,0.7481,62493.36,50195.63
603113.SH,20231229,8.03,8.11,8.03,8.07,8.08,-0.01,-0.1238,50741.41,40973.742
603113.SH,20240102,8.06,8.32,8.04,8.23,8.07,0.16,1.9827,82489.0,67467.522
603113.SH,20240103,8.26,8.36,8.2,8.27,8.23,0.04,0.486,57442.0,47572.435
603113.SH,20240104,8.26,8.36,8.2,8.28,8.27,0.01,0.1209,45391.16,37595.811
603113.SH,20240105,8.28,8.37,8.18,8.24,8.28,-0.04,-0.4831,41606.16,34471.156
603113.SH,20240108,8.2,8.21,8.05,8.06,8.24,-0.18,-2.1845,52513.0,42644.534
603113.SH,20240109,8.06,8.13,7.99,8.06,8.06,0.0,0.0,43652.6,35130.844
603113.SH,20240110,8.06,8.14,8.01,8.05,8.06,-0.01,-0.1241,34912.77,28187.108
603113.SH,20240111,8.05,8.08,7.99,8.01,8.05,-0.04,-0.4969,51096.31,41021.111
603113.SH,20240112,8.0,8.05,7.94,7.94,8.01,-0.07,-0.8739,47237.0,37785.571
603113.SH,20240115,7.95,7.95,7.8,7.82,7.94,-0.12,-1.5113,50754.0,39759.727
603113.SH,20240116,7.81,7.82,7.62,7.71,7.82,-0.11,-1.4066,54308.03,41804.896
603113.SH,20240117,7.67,7.73,7.44,7.45,7.71,-0.26,-3.3722,56698.0,43093.461
603113.SH,20240118,7.44,7.45,7.03,7.3,7.45,-0.15,-2.0134,87903.01,63357.787
603113.SH,20240119,7.27,7.32,7.19,7.23,7.3,-0.07,-0.9589,45668.07,33135.436
603113.SH,20240122,7.24,7.24,6.75,6.81,7.23,-0.42,-5.8091,65443.11,45884.841
603113.SH,20240123,6.79,6.94,6.68,6.88,6.81,0.07,1.0279,61052.98,41625.248
603113.SH,20240124,6.89,7.03,6.74,7.0,6.88,0.12,1.7442,71027.82,49155.594
603113.SH,20240125,7.03,7.39,7.03,7.39,7.0,0.39,5.5714,62286.0,44984.074
603113.SH,20240126,7.39,7.55,7.32,7.48,7.39,0.09,1.2179,62519.2,46736.945
603113.SH,20240129,7.5,7.56,7.28,7.31,7.48,-0.17,-2.2727,54007.47,39892.65
603113.SH,20240130,7.32,7.37,7.1,7.13,7.31,-0.18,-2.4624,47719.0,34592.023
603113.SH,20240131,7.27,7.32,6.95,6.99,7.13,-0.14,-1.9635,75573.04,53742.045
603113.SH,20240201,7.0,7.01,6.77,6.83,6.99,-0.16,-2.289,79272.85,54670.582
603113.SH,20240202,6.78,6.91,6.31,6.47,6.83,-0.36,-5.2709,99532.26,65930.57
603113.SH,20240205,6.39,6.39,5.82,5.82,6.47,-0.65,-10.0464,140589.6,83938.381
603113.SH,20240206,5.61,6.17,5.51,6.03,5.82,0.21,3.6082,142656.7,82713.095
603113.SH,20240207,5.98,6.4,5.92,6.33,6.03,0.3,4.9751,113669.14,71114.077
603113.SH,20240208,6.33,6.96,6.32,6.96,6.33,0.63,9.9526,82333.01,55652.695
603113.SH,20240219,7.21,7.22,6.71,6.75,6.96,-0.21,-3.0172,153146.74,105903.147
603113.SH,20240220,6.74,6.8,6.62,6.69,6.75,-0.06,-0.8889,69616.71,46613.757
603113.SH,20240221,6.72,7.06,6.6,6.8,6.69,0.11,1.6442,72187.18,49411.752
603113.SH,20240222,6.78,7.08,6.77,7.03,6.8,0.23,3.3824,79348.19,55134.694
603113.SH,20240223,7.02,7.04,6.9,6.97,7.03,-0.06,-0.8535,65764.23,45761.842
603113.SH,20240226,7.05,7.14,6.99,7.02,6.97,0.05,0.7174,77324.88,54663.394
603113.SH,20240227,7.02,7.08,6.93,7.08,7.02,0.06,0.8547,65138.92,45713.515
603113.SH,20240228,7.09,7.25,6.77,6.77,7.08,-0.31,-4.3785,97405.7,68599.636
603113.SH,20240229,6.82,7.22,6.75,7.18,6.77,0.41,6.0561,110013.49,77128.174
603113.SH,20240301,7.27,7.35,7.12,7.14,7.18,-0.04,-0.5571,102726.0,73926.267
603113.SH,20240304,7.14,7.16,6.84,7.0,7.14,-0.14,-1.9608,118617.0,82366.145
603113.SH,20240305,6.92,6.94,6.79,6.83,7.0,-0.17,-2.4286,69065.0,47312.603
603113.SH,20240306,6.82,6.96,6.81,6.89,6.83,0.06,0.8785,52614.6,36306.559
603113.SH,20240307,6.91,7.05,6.85,6.89,6.89,0.0,0.0,65196.24,45350.924
603113.SH,20240308,6.87,6.98,6.83,6.9,6.89,0.01,0.1451,57017.0,39225.54
603113.SH,20240311,6.87,6.96,6.83,6.91,6.9,0.01,0.1449,68774.0,47327.067
603113.SH,20240312,6.91,6.94,6.84,6.92,6.91,0.01,0.1447,77067.12,53067.651
603113.SH,20240313,6.91,6.98,6.86,6.96,6.92,0.04,0.578,70274.37,48656.371
603113.SH,20240314,6.94,7.07,6.88,6.96,6.96,0.0,0.0,62304.54,43566.877
603113.SH,20240315,6.98,7.06,6.86,7.05,6.96,0.09,1.2931,75591.15,52713.34
603113.SH,20240318,7.1,7.12,7.0,7.1,7.05,0.05,0.7092,67813.0,47794.054
603113.SH,20240319,7.11,7.19,7.09,7.1,7.1,0.0,0.0,69104.12,49258.214
603113.SH,20240320,7.12,7.19,7.05,7.16,7.1,0.06,0.8451,62572.0,44636.988
603113.SH,20240321,7.16,7.2,7.06,7.13,7.16,-0.03,-0.419,43091.0,30711.305
603113.SH,20240322,7.12,7.15,7.0,7.0,7.13,-0.13,-1.8233,49638.29,35009.378
603113.SH,20240325,7.04,7.04,6.87,6.88,7.0,-0.12,-1.7143,54425.61,37966.816
603113.SH,20240326,6.84,6.92,6.62,6.75,6.88,-0.13,-1.8895,72784.23,49077.889
603113.SH,20240327,6.74,6.83,6.61,6.61,6.75,-0.14,-2.0741,47465.76,31862.828
603113.SH,20240328,6.58,6.78,6.58,6.73,6.61,0.12,1.8154,40892.56,27434.261
603113.SH,20240329,6.73,6.87,6.69,6.84,6.73,0.11,1.6345,45218.56,30573.396
603113.SH,20240401,6.86,6.96,6.83,6.89,6.84,0.05,0.731,73012.42,50297.073
603113.SH,20240402,6.88,7.05,6.86,7.03,6.89,0.14,2.0319,56629.89,39676.832
603113.SH,20240403,7.05,7.15,7.01,7.15,7.03,0.12,1.707,65069.0,46165.704
603113.SH,20240408,7.18,7.2,6.99,7.02,7.15,-0.13,-1.8182,67367.04,47888.814
603113.SH,20240409,7.02,7.18,7.0,7.17,7.02,0.15,2.1368,62367.64,44283.517
603113.SH,20240410,7.17,7.2,7.01,7.06,7.17,-0.11,-1.5342,47612.0,33773.705
603113.SH,20240411,7.05,7.2,7.0,7.09,7.06,0.03,0.4249,58696.0,41790.425
603113.SH,20240412,7.1,7.22,7.04,7.14,7.09,0.05,0.7052,71645.06,51074.987
603113.SH,20240415,7.08,7.18,6.81,6.91,7.14,-0.23,-3.2213,101078.7,70452.025
603113.SH,20240416,6.85,6.95,6.46,6.47,6.91,-0.44,-6.3676,104388.57,69086.028
603113.SH,20240417,6.51,6.89,6.5,6.86,6.47,0.39,6.0278,94289.54,63656.028
603113.SH,20240418,6.89,6.96,6.7,6.71,6.86,-0.15,-2.1866,70519.0,47985.266
603113.SH,20240419,6.7,6.96,6.66,6.81,6.71,0.1,1.4903,67455.0,46008.298
603113.SH,20240422,6.84,6.92,6.56,6.6,6.81,-0.21,-3.0837,95920.19,63923.849
603113.SH,20240423,6.65,6.66,6.41,6.44,6.6,-0.16,-2.4242,66932.19,43382.57
603113.SH,20240424,6.44,6.49,6.33,6.48,6.44,0.04,0.6211,46668.11,30024.464
603113.SH,20240425,6.48,6.68,6.43,6.6,6.48,0.12,1.8519,73278.0,48378.378
603113.SH,20240426,6.57,6.7,6.42,6.69,6.6,0.09,1.3636,83984.0,55267.615
603113.SH,20240429,6.65,7.18,6.65,7.13,6.69,0.44,6.577,184901.0,130278.256
603113.SH,20240430,7.0,7.04,6.72,6.79,7.13,-0.34,-4.7686,178498.05,121764.959
603113.SH,20240506,6.82,7.1,6.8,7.08,6.79,0.29,4.271,138503.96,96859.592
603113.SH,20240507,7.08,7.15,7.0,7.14,7.08,0.06,0.8475,67589.0,47863.206
603113.SH,20240508,7.1,7.18,7.01,7.02,7.14,-0.12,-1.6807,55941.83,39657.286
603113.SH,20240509,7.05,7.24,7.03,7.18,7.02,0.16,2.2792,83890.0,60287.24
603113.SH,20240510,7.18,7.23,7.07,7.11,7.18,-0.07,-0.9749,61650.0,43948.183
603113.SH,20240513,7.1,7.1,6.96,7.02,7.11,-0.09,-1.2658,61310.0,43093.186
603113.SH,20240514,7.0,7.09,6.94,6.95,7.02,-0.07,-0.9972,45052.0,31467.395
603113.SH,20240515,6.95,7.02,6.88,6.92,6.95,-0.03,-0.4317,42243.0,29329.347
603113.SH,20240516,6.95,7.1,6.95,7.01,6.92,0.09,1.3006,65524.0,46194.348
603113.SH,20240517,6.95,7.08,6.94,7.05,7.01,0.04,0.5706,44127.0,30929.678
603113.SH,20240520,7.05,7.21,7.05,7.14,7.05,0.09,1.2766,77517.0,55365.22
603113.SH,20240521,7.14,7.19,7.07,7.11,7.14,-0.03,-0.4202,52759.0,37580.983
603113.SH,20240522,7.13,7.22,7.05,7.08,7.11,-0.03,-0.4219,56961.0,40606.847
603113.SH,20240523,7.07,7.08,6.79,6.82,7.08,-0.26,-3.6723,79061.0,54345.244
603113.SH,20240524,6.83,6.9,6.8,6.81,6.82,-0.01,-0.1466,52167.0,35748.601
603113.SH,20240527,6.75,6.87,6.71,6.8,6.81,-0.01,-0.1468,58245.0,39399.194
603113.SH,20240528,6.77,6.86,6.72,6.76,6.8,-0.04,-0.5882,41497.0,28112.263
603113.SH,20240529,6.74,6.86,6.7,6.76,6.76,0.0,0.0,55134.0,37436.908
603113.SH,20240530,6.71,6.83,6.71,6.71,6.76,-0.05,-0.7396,54473.0,36800.289
603113.SH,20240531,6.74,6.78,6.67,6.71,6.71,0.0,0.0,45974.0,30869.48
603113.SH,20240603,6.71,6.72,6.36,6.4,6.71,-0.31,-4.62,107901.72,69916.807
603113.SH,20240604,6.29,6.33,6.17,6.26,6.31,-0.05,-0.7924,67418.7,42011.681
603113.SH,20240605,6.28,6.28,6.12,6.12,6.26,-0.14,-2.2364,46488.75,28781.244
603113.SH,20240606,6.11,6.2,5.9,5.97,6.12,-0.15,-2.451,61499.0,37018.943
603113.SH,20240607,6.0,6.24,6.0,6.22,5.97,0.25,4.1876,71194.02,43665.105
603113.SH,20240611,6.15,6.2,6.04,6.12,6.22,-0.1,-1.6077,48983.07,29868.54
603113.SH,20240612,6.12,6.2,6.05,6.08,6.12,-0.04,-0.6536,74019.07,45115.725
603113.SH,20240613,6.09,6.09,5.91,5.96,6.08,-0.12,-1.9737,104345.07,62124.236
603113.SH,20240614,5.94,6.03,5.86,5.99,5.96,0.03,0.5034,133452.0,79495.381
603113.SH,20240617,5.96,5.96,5.75,5.78,5.99,-0.21,-3.5058,120665.58,70275.956
603113.SH,20240618,5.78,5.83,5.75,5.8,5.78,0.02,0.346,60869.11,35208.11
603113.SH,20240619,5.8,5.87,5.73,5.74,5.8,-0.06,-1.0345,57467.0,33289.053
603113.SH,20240620,5.72,5.79,5.63,5.65,5.74,-0.09,-1.5679,52932.6,30092.732
603113.SH,20240621,5.64,5.73,5.62,5.64,5.65,-0.01,-0.177,39672.01,22525.524
603113.SH,20240624,5.61,5.63,5.35,5.39,5.64,-0.25,-4.4326,75857.63,41409.244
603113.SH,20240625,5.39,5.58,5.39,5.53,5.39,0.14,2.5974,70728.83,38820.483
603113.SH,20240626,5.52,5.65,5.45,5.65,5.53,0.12,2.17,47760.69,26548.721
603113.SH,20240627,5.6,5.66,5.47,5.48,5.65,-0.17,-3.0088,54789.21,30362.922
603113.SH,20240628,5.47,5.6,5.43,5.47,5.48,-0.01,-0.1825,58722.3,32456.043
603113.SH,20240701,5.47,5.63,5.46,5.61,5.47,0.14,2.5594,53116.5,29496.626
603113.SH,20240702,5.58,5.67,5.56,5.64,5.61,0.03,0.5348,46626.02,26219.673
603113.SH,20240703,5.64,5.72,5.61,5.65,5.64,0.01,0.1773,37199.22,21092.694
603113.SH,20240704,5.64,5.69,5.45,5.48,5.65,-0.17,-3.0088,46943.0,26015.421
603113.SH,20240705,5.49,5.55,5.42,5.5,5.48,0.02,0.365,54050.0,29663.381
603113.SH,20240708,5.52,5.52,5.27,5.3,5.5,-0.2,-3.6364,64673.06,34636.745
603113.SH,20240709,5.29,5.39,5.15,5.38,5.3,0.08,1.5094,63159.0,33324.176
603113.SH,20240710,5.35,5.35,5.23,5.25,5.38,-0.13,-2.4164,50147.0,26517.484
603113.SH,20240711,5.33,5.44,5.29,5.41,5.25,0.16,3.0476,59776.0,32163.253
603113.SH,20240712,5.4,5.48,5.35,5.38,5.41,-0.03,-0.5545,56298.58,30488.646
603113.SH,20240715,5.38,5.41,5.25,5.28,5.38,-0.1,-1.8587,56063.0,29666.08
603113.SH,20240716,5.25,5.28,5.21,5.23,5.28,-0.05,-0.947,47631.89,24926.343
603113.SH,20240717,5.2,5.25,5.14,5.16,5.23,-0.07,-1.3384,66006.0,34162.198
603113.SH,20240718,5.15,5.16,5.02,5.09,5.16,-0.07,-1.3566,55737.0,28287.854
603113.SH,20240719,5.06,5.08,4.96,5.02,5.09,-0.07,-1.3752,82092.11,41160.9
603113.SH,20240722,5.02,5.05,4.9,4.94,5.02,-0.08,-1.5936,96690.06,47941.684
603113.SH,20240723,4.93,5.04,4.89,4.89,4.94,-0.05,-1.0121,78064.0,38752.233
603113.SH,20240724,4.9,4.91,4.78,4.81,4.89,-0.08,-1.636,70116.51,33859.336
603113.SH,20240725,4.79,4.88,4.77,4.83,4.81,0.02,0.4158,47107.33,22772.644
603113.SH,20240726,4.83,4.97,4.83,4.92,4.83,0.09,1.8634,50925.03,25039.984
603113.SH,20240729,4.93,4.96,4.86,4.9,4.92,-0.02,-0.4065,39679.55,19451.795
603113.SH,20240730,4.9,4.96,4.86,4.93,4.9,0.03,0.6122,47965.33,23616.813
603113.SH,20240731,4.94,5.13,4.92,5.13,4.93,0.2,4.0568,83166.55,42086.65
603113.SH,20240801,5.12,5.19,5.03,5.05,5.13,-0.08,-1.5595,61567.0,31309.443
603113.SH,20240802,5.03,5.09,4.97,4.97,5.05,-0.08,-1.5842,58855.0,29629.63
603113.SH,20240805,4.94,5.04,4.86,4.88,4.97,-0.09,-1.8109,73932.0,36638.17
603113.SH,20240806,4.93,5.01,4.91,5.01,4.88,0.13,2.6639,55462.0,27513.621
603113.SH,20240807,4.99,5.03,4.92,4.98,5.01,-0.03,-0.5988,43826.0,21835.279
603113.SH,20240808,4.95,5.05,4.92,5.03,4.98,0.05,1.004,45011.0,22473.809
603113.SH,20240809,5.05,5.12,5.01,5.02,5.03,-0.01,-0.1988,46061.0,23321.02
603113.SH,20240812,5.01,5.04,4.97,5.0,5.02,-0.02,-0.3984,36355.0,18193.659
603113.SH,20240813,4.97,5.06,4.93,5.05,5.0,0.05,1.0,37662.0,18865.152
603113.SH,20240814,5.04,5.06,4.95,4.96,5.05,-0.09,-1.7822,44110.0,21963.784
603113.SH,20240815,4.93,5.06,4.9,5.02,4.96,0.06,1.2097,51768.0,25864.208
603113.SH,20240816,5.02,5.03,4.89,4.89,5.02,-0.13,-2.5896,52458.35,25919.445
603113.SH,20240819,4.88,4.99,4.87,4.89,4.89,0.0,0.0,50367.05,24824.034
603113.SH,20240820,4.89,4.91,4.69,4.71,4.89,-0.18,-3.681,72027.0,34349.927
603113.SH,20240821,4.7,4.73,4.65,4.65,4.71,-0.06,-1.2739,48092.0,22483.776
603113.SH,20240822,4.66,4.71,4.62,4.63,4.65,-0.02,-0.4301,47421.0,22067.165
603113.SH,20240823,4.67,4.69,4.59,4.63,4.63,0.0,0.0,48762.78,22560.831
603113.SH,20240826,4.62,4.78,4.62,4.74,4.63,0.11,2.3758,59176.29,27952.644
603113.SH,20240827,4.72,4.78,4.69,4.73,4.74,-0.01,-0.211,38421.0,18152.348
603113.SH,20240828,4.69,4.81,4.67,4.78,4.73,0.05,1.0571,48628.59,23147.289
603113.SH,20240829,4.78,4.82,4.74,4.81,4.78,0.03,0.6276,47860.55,22900.693
603113.SH,20240830,4.8,4.92,4.75,4.82,4.81,0.01,0.2079,74913.0,36252.414
603113.SH,20240902,4.81,4.86,4.75,4.77,4.82,-0.05,-1.0373,79636.0,38360.483
603113.SH,20240903,4.8,4.86,4.74,4.77,4.77,0.0,0.0,64284.95,30763.686
603113.SH,20240904,4.76,4.78,4.68,4.69,4.77,-0.08,-1.6771,73279.24,34581.807
603113.SH,20240905,4.69,4.74,4.63,4.66,4.69,-0.03,-0.6397,63953.0,29843.465
603113.SH,20240906,4.64,4.67,4.56,4.57,4.66,-0.09,-1.9313,60488.7,27809.158
603113.SH,20240909,4.52,4.53,4.45,4.48,4.57,-0.09,-1.9694,78134.0,35029.582
603113.SH,20240910,4.48,4.51,4.35,4.45,4.48,-0.03,-0.6696,81086.76,35902.684
603113.SH,20240911,4.42,4.48,4.39,4.44,4.45,-0.01,-0.2247,47124.0,20901.449
603113.SH,20240912,4.45,4.54,4.43,4.47,4.44,0.03,0.6757,54765.0,24629.333
603113.SH,20240913,4.49,4.55,4.4,4.41,4.47,-0.06,-1.3423,50917.0,22599.847
603113.SH,20240918,4.41,4.42,4.27,4.37,4.41,-0.04,-0.907,55991.0,24276.628
603113.SH,20240919,4.38,4.58,4.37,4.56,4.37,0.19,4.3478,94661.99,42612.096
603113.SH,20240920,4.54,4.57,4.48,4.54,4.56,-0.02,-0.4386,50670.0,22899.942
603113.SH,20240923,4.52,4.56,4.49,4.54,4.54,0.0,0.0,37609.0,17029.276
603113.SH,20240924,4.56,4.84,4.55,4.84,4.54,0.3,6.6079,119376.0,56459.994
603113.SH,20240925,4.89,5.04,4.88,4.89,4.84,0.05,1.0331,97436.0,48385.754
603113.SH,20240926,4.87,5.16,4.86,5.15,4.89,0.26,5.317,107321.0,53931.899
603113.SH,20240927,5.25,5.41,5.18,5.39,5.15,0.24,4.6602,115691.0,61285.751
603113.SH,20240930,5.6,5.93,5.48,5.9,5.39,0.51,9.462,298868.21,171368.296
603113.SH,20241008,6.49,6.49,6.06,6.27,5.9,0.37,6.2712,263393.39,165476.262
603113.SH,20241009,6.15,6.15,5.65,5.68,6.27,-0.59,-9.4099,213213.19,125383.943
603113.SH,20241010,5.72,5.95,5.6,5.8,5.68,0.12,2.1127,137699.66,79975.91
603113.SH,20241011,5.77,5.83,5.5,5.54,5.8,-0.26,-4.4828,107091.72,60505.153
603113.SH,20241014,5.57,5.67,5.51,5.65,5.54,0.11,1.9856,84453.46,47256.366
603113.SH,20241015,5.64,5.66,5.41,5.44,5.65,-0.21,-3.7168,90691.21,50263.476
603113.SH,20241016,5.39,5.5,5.37,5.43,5.44,-0.01,-0.1838,63413.85,34501.132
603113.SH,20241017,5.48,5.49,5.29,5.3,5.43,-0.13,-2.3941,75840.05,40790.305
603113.SH,20241018,5.29,5.48,5.23,5.39,5.3,0.09,1.6981,131025.76,69915.903
603113.SH,20241021,5.4,5.48,5.35,5.4,5.39,0.01,0.1855,99886.75,54098.327
603113.SH,20241022,5.39,5.5,5.37,5.5,5.4,0.1,1.8519,81649.99,44406.205
603113.SH,20241023,5.52,5.66,5.5,5.62,5.5,0.12,2.1818,99658.17,55641.554
603113.SH,20241024,5.67,5.67,5.54,5.59,5.62,-0.03,-0.5338,65898.0,36744.413
603113.SH,20241025,5.57,5.88,5.57,5.88,5.59,0.29,5.1878,122618.89,71026.568
603113.SH,20241028,5.9,6.11,5.87,6.09,5.88,0.21,3.5714,138018.02,82843.284
603113.SH,20241029,6.06,6.11,5.67,5.67,6.09,-0.42,-6.8966,185556.99,108629.287
603113.SH,20241030,5.7,5.81,5.66,5.73,5.67,0.06,1.0582,101226.14,58014.389
603113.SH,20241031,5.71,5.95,5.71,5.89,5.73,0.16,2.7923,120975.12,71018.469
603113.SH,20241101,5.88,6.0,5.75,5.78,5.89,-0.11,-1.8676,108800.75,63651.308
603113.SH,20241104,5.79,5.86,5.73,5.86,5.78,0.08,1.3841,75109.75,43494.006
603113.SH,20241105,5.86,6.03,5.84,6.02,5.86,0.16,2.7304,118866.53,70844.705
603113.SH,20241106,6.04,6.1,5.93,6.05,6.02,0.03,0.4983,100092.4,60357.795
603113.SH,20241107,6.03,6.41,5.99,6.25,6.05,0.2,3.3058,130485.0,80970.259
603113.SH,20241108,6.29,6.31,6.13,6.18,6.25,-0.07,-1.12,107733.27,66967.033
603113.SH,20241111,6.18,6.29,6.13,6.28,6.18,0.1,1.6181,112781.84,69986.389
603113.SH,20241112,6.29,6.34,6.14,6.19,6.28,-0.09,-1.4331,116520.9,73027.757
603113.SH,20241113,6.18,6.24,6.04,6.12,6.19,-0.07,-1.1309,95486.27,58400.577
603113.SH,20241114,6.13,6.13,5.95,5.95,6.12,-0.17,-2.7778,70971.75,42738.819
603113.SH,20241115,5.94,6.05,5.9,5.9,5.95,-0.05,-0.8403,71125.84,42548.776
603113.SH,20241118,5.95,6.21,5.93,6.05,5.9,0.15,2.5424,140698.0,85877.934
603113.SH,20241119,6.02,6.16,5.99,6.15,6.05,0.1,1.6529,121479.0,73861.917
603113.SH,20241120,6.11,6.28,6.09,6.26,6.15,0.11,1.7886,106592.46,66075.584
603113.SH,20241121,6.26,6.3,6.1,6.22,6.26,-0.04,-0.639,108513.73,67021.654
603113.SH,20241122,6.19,6.25,5.95,5.97,6.22,-0.25,-4.0193,93335.65,56895.111
603113.SH,20241125,5.95,6.11,5.93,6.08,5.97,0.11,1.8425,86469.9,52276.715
603113.SH,20241126,6.06,6.12,6.0,6.05,6.08,-0.03,-0.4934,66811.98,40424.276
603113.SH,20241127,6.03,6.05,5.83,6.05,6.05,0.0,0.0,90800.9,53897.963
603113.SH,20241128,6.03,6.13,6.01,6.09,6.05,0.04,0.6612,73631.0,44832.408
603113.SH,20241129,6.1,6.16,6.01,6.13,6.09,0.04,0.6568,61286.68,37406.637
603113.SH,20241202,6.12,6.32,6.1,6.26,6.13,0.13,2.1207,113414.13,70711.503
603113.SH,20241203,6.29,6.3,6.15,6.24,6.26,-0.02,-0.3195,73439.71,45578.293
603113.SH,20241204,6.24,6.24,6.11,6.13,6.24,-0.11,-1.7628,64665.0,39876.308
603113.SH,20241205,6.13,6.24,6.11,6.23,6.13,0.1,1.6313,64182.05,39642.927
603113.SH,20241206,6.22,6.3,6.13,6.29,6.23,0.06,0.9631,82397.18,51506.942
603113.SH,20241209,6.29,6.4,6.22,6.27,6.29,-0.02,-0.318,94950.0,59843.268
603113.SH,20241210,6.48,6.48,6.19,6.22,6.27,-0.05,-0.7974,104799.0,66336.753
603113.SH,20241211,6.2,6.36,6.2,6.36,6.22,0.14,2.2508,86704.9,54698.514
603113.SH,20241212,6.39,6.41,6.28,6.39,6.36,0.03,0.4717,81115.88,51593.544
603113.SH,20241213,6.42,6.43,6.15,6.16,6.39,-0.23,-3.5994,177134.93,110062.32
603113.SH,20241216,6.12,6.25,6.12,6.15,6.16,-0.01,-0.1623,92470.0,57153.192
603113.SH,20241217,6.15,6.16,5.9,5.92,6.15,-0.23,-3.7398,109132.97,65381.778
603113.SH,20241218,5.97,6.01,5.89,5.91,5.92,-0.01,-0.1689,71561.34,42542.664
603113.SH,20241219,5.87,5.9,5.71,5.79,5.91,-0.12,-2.0305,84543.0,48962.307
603113.SH,20241220,5.82,5.83,5.72,5.75,5.79,-0.04,-0.6908,64377.05,37095.685
603113.SH,20241223,5.75,5.77,5.61,5.62,5.75,-0.13,-2.2609,74510.39,42305.058
603113.SH,20241224,5.63,5.74,5.62,5.69,5.62,0.07,1.2456,68074.92,38690.015
603113.SH,20241225,5.68,5.71,5.53,5.59,5.69,-0.1,-1.7575,54949.92,30693.809
603113.SH,20241226,5.6,5.68,5.57,5.64,5.59,0.05,0.8945,37920.23,21401.095
603113.SH,20241227,5.65,5.77,5.63,5.73,5.64,0.09,1.5957,59578.23,34114.213
603113.SH,20241230,5.73,5.76,5.66,5.72,5.73,-0.01,-0.1745,43908.0,25022.582
603113.SH,20241231,5.72,5.79,5.61,5.63,5.72,-0.09,-1.5734,61078.93,34844.069
603113.SH,20250102,5.6,5.72,5.46,5.5,5.63,-0.13,-2.3091,88833.09,49767.518
603113.SH,20250103,5.51,5.57,5.34,5.35,5.5,-0.15,-2.7273,83524.72,45497.469
603113.SH,20250106,5.3,5.49,5.21,5.42,5.35,0.07,1.3084,59230.16,31838.703
603113.SH,20250107,5.4,5.45,5.32,5.44,5.42,0.02,0.369,42460.89,22861.647
603113.SH,20250108,5.41,5.46,5.28,5.39,5.44,-0.05,-0.9191,51809.02,27803.342
603113.SH,20250109,5.38,5.43,5.33,5.38,5.39,-0.01,-0.1855,34084.61,18344.72
603113.SH,20250110,5.38,5.41,5.22,5.23,5.38,-0.15,-2.7881,39066.16,20712.86
603113.SH,20250113,5.2,5.26,5.14,5.26,5.23,0.03,0.5736,46890.0,24476.835
603113.SH,20250114,5.26,5.4,5.26,5.39,5.26,0.13,2.4715,56376.0,30052.107
603113.SH,20250115,5.35,5.44,5.31,5.42,5.39,0.03,0.5566,45955.0,24728.099
603113.SH,20250116,5.42,5.57,5.42,5.54,5.42,0.12,2.214,61992.0,34242.962
603113.SH,20250117,5.45,5.52,5.29,5.44,5.54,-0.1,-1.8051,98995.0,53731.32
603113.SH,20250120,5.43,5.53,5.35,5.5,5.44,0.06,1.1029,62344.0,34085.202
603113.SH,20250121,5.51,5.54,5.4,5.49,5.5,-0.01,-0.1818,55946.0,30566.383
603113.SH,20250122,5.49,5.53,5.41,5.45,5.49,-0.04,-0.7286,40507.0,22180.444
603113.SH,20250123,5.5,5.59,5.43,5.46,5.45,0.01,0.1835,43645.0,24042.39
603113.SH,20250124,5.42,5.5,5.41,5.46,5.46,0.0,0.0,45853.0,24995.055
603113.SH,20250127,5.48,5.77,5.47,5.58,5.46,0.12,2.1978,128558.76,72708.126
603113.SH,20250205,5.56,5.62,5.48,5.53,5.58,-0.05,-0.8961,64161.0,35512.123
603113.SH,20250206,5.53,5.58,5.43,5.58,5.53,0.05,0.9042,58688.84,32303.804
603113.SH,20250207,5.58,5.72,5.55,5.68,5.58,0.1,1.7921,77574.39,43776.164
603113.SH,20250210,5.68,5.74,5.65,5.71,5.68,0.03,0.5282,53195.5,30260.054
603113.SH,20250211,5.71,5.79,5.61,5.7,5.71,-0.01,-0.1751,63875.0,36288.808
603113.SH,20250212,5.7,5.77,5.65,5.71,5.7,0.01,0.1754,50331.0,28756.897
603113.SH,20250213,5.71,5.74,5.65,5.65,5.71,-0.06,-1.0508,51212.25,29145.479
603113.SH,20250214,5.7,5.7,5.6,5.63,5.65,-0.02,-0.354,47381.0,26703.501
603113.SH,20250217,5.62,5.67,5.58,5.66,5.63,0.03,0.5329,51343.0,28867.096
603113.SH,20250218,5.64,5.66,5.49,5.5,5.66,-0.16,-2.8269,56117.0,31264.721
603113.SH,20250219,5.5,5.52,5.44,5.5,5.5,0.0,0.0,54377.62,29813.476
603113.SH,20250220,5.5,5.58,5.48,5.54,5.5,0.04,0.7273,63493.55,35128.921
603113.SH,20250221,5.54,5.57,5.46,5.47,5.54,-0.07,-1.2635,66942.0,36775.203
603113.SH,20250224,5.46,5.57,5.46,5.5,5.47,0.03,0.5484,59215.62,32728.263
603113.SH,20250225,5.46,5.56,5.44,5.47,5.5,-0.03,-0.5455,78175.31,43026.433
603113.SH,20250226,5.46,5.73,5.46,5.7,5.47,0.23,4.2048,138688.62,78310.902
603113.SH,20250227,5.7,5.72,5.6,5.68,5.7,-0.02,-0.3509,68240.0,38583.498
603113.SH,20250228,5.72,5.95,5.69,5.69,5.68,0.01,0.1761,107866.81,62416.93
603113.SH,20250303,5.71,5.83,5.69,5.72,5.69,0.03,0.5272,73261.0,42205.846
603113.SH,20250304,5.72,5.78,5.65,5.76,5.72,0.04,0.6993,64401.0,36925.5
603113.SH,20250305,5.8,5.82,5.65,5.72,5.76,-0.04,-0.6944,63674.0,36398.613
603113.SH,20250306,5.73,5.77,5.66,5.73,5.72,0.01,0.1748,62695.0,35863.906
603113.SH,20250307,5.74,5.87,5.71,5.81,5.73,0.08,1.3962,96162.22,55853.684
603113.SH,20250310,5.82,5.92,5.8,5.85,5.81,0.04,0.6885,71825.8,42013.211
603113.SH,20250311,5.8,5.88,5.76,5.88,5.85,0.03,0.5128,53986.9,31411.163
603113.SH,20250312,5.88,5.95,5.86,5.93,5.88,0.05,0.8503,69357.9,41035.494
603113.SH,20250313,5.92,5.99,5.86,5.99,5.93,0.06,1.0118,85704.05,50778.01
603113.SH,20250314,5.96,5.99,5.91,5.96,5.99,-0.03,-0.5008,80261.0,47751.402
603113.SH,20250317,5.96,6.1,5.96,6.01,5.96,0.05,0.8389,91605.0,55061.493
603113.SH,20250318,6.05,6.12,6.0,6.04,6.01,0.03,0.4992,67703.99,40962.592
603113.SH,20250319,6.04,6.06,5.96,5.99,6.04,-0.05,-0.8278,56812.0,34098.231
603113.SH,20250320,5.99,6.12,5.95,6.06,5.99,0.07,1.1686,71286.0,43222.514
603113.SH,20250321,6.06,6.12,5.98,6.02,6.06,-0.04,-0.6601,63370.49,38309.241
603113.SH,20250324,6.0,6.01,5.81,5.91,6.02,-0.11,-1.8272,100599.49,59437.467
603113.SH,20250325,5.89,6.05,5.85,6.0,5.91,0.09,1.5228,86552.99,51418.89
603113.SH,20250326,6.0,6.1,5.97,6.08,6.0,0.08,1.3333,72780.99,44141.994
603113.SH,20250327,6.08,6.12,6.02,6.03,6.08,-0.05,-0.8224,75747.42,45946.094
603113.SH,20250328,6.05,6.05,5.83,5.85,6.03,-0.18,-2.9851,71074.0,41982.279
603113.SH,20250331,5.81,5.84,5.66,5.71,5.85,-0.14,-2.3932,82528.0,47332.303
603113.SH,20250401,5.72,5.94,5.72,5.87,5.71,0.16,2.8021,93460.0,54763.896
603113.SH,20250402,5.89,5.92,5.77,5.8,5.87,-0.07,-1.1925,65120.0,38044.509
603113.SH,20250403,5.74,5.85,5.73,5.84,5.8,0.04,0.6897,53832.0,31216.798
603113.SH,20250407,5.6,5.6,5.26,5.26,5.84,-0.58,-9.9315,96197.76,51396.516
603113.SH,20250408,5.3,5.31,5.0,5.09,5.26,-0.17,-3.2319,151885.43,77530.93
603113.SH,20250409,5.0,5.12,4.81,5.09,5.09,0.0,0.0,135734.99,67583.306
603113.SH,20250410,5.16,5.3,5.16,5.22,5.09,0.13,2.554,93134.0,48776.671
603113.SH,20250411,5.18,5.3,5.15,5.25,5.22,0.03,0.5747,65736.0,34478.529
603113.SH,20250414,5.32,5.36,5.25,5.35,5.25,0.1,1.9048,60228.68,32108.912
603113.SH,20250415,5.35,5.36,5.28,5.32,5.35,-0.03,-0.5607,43324.8,22988.279
603113.SH,20250416,5.3,5.34,5.12,5.17,5.32,-0.15,-2.8195,69943.0,36323.158
603113.SH,20250417,5.17,5.39,5.07,5.35,5.17,0.18,3.4816,85690.46,45355.672
603113.SH,20250418,5.32,5.43,5.23,5.3,5.35,-0.05,-0.9346,65879.0,35019.182
603113.SH,20250421,5.27,5.46,5.26,5.41,5.3,0.11,2.0755,77919.0,41713.642
603113.SH,20250422,5.38,5.45,5.34,5.43,5.41,0.02,0.3697,57123.0,30829.936
603113.SH,20250423,5.42,5.75,5.41,5.5,5.43,0.07,1.2891,136288.49,75626.643
603113.SH,20250424,5.5,5.89,5.5,5.61,5.5,0.11,2.0,162980.17,92542.395
603113.SH,20250425,5.63,5.65,5.51,5.54,5.61,-0.07,-1.2478,95006.0,52777.099
603113.SH,20250428,6.0,6.09,5.81,6.09,5.54,0.55,9.9278,287730.29,173914.558
603113.SH,20250429,6.03,6.43,6.03,6.2,6.09,0.11,1.8062,607833.92,379242.34
603113.SH,20250430,6.16,6.35,6.15,6.22,6.2,0.02,0.3226,346026.95,216020.561
603113.SH,20250506,6.2,6.33,6.07,6.32,6.22,0.1,1.6077,255359.76,158280.916
603113.SH,20250507,6.33,6.39,6.24,6.31,6.32,-0.01,-0.1582,194200.0,122350.54
603113.SH,20250508,6.27,6.3,6.2,6.24,6.31,-0.07,-1.1094,163026.65,101802.66
603113.SH,20250509,6.24,6.48,6.2,6.36,6.24,0.12,1.9231,243393.0,154412.892
603113.SH,20250512,6.35,6.41,6.3,6.4,6.36,0.04,0.6289,144380.65,92026.993
603113.SH,20250513,6.46,6.63,6.35,6.49,6.4,0.09,1.4063,154702.99,99959.541
603113.SH,20250514,6.56,6.71,6.41,6.48,6.49,-0.01,-0.1541,162557.14,105769.937
603113.SH,20250515,6.46,6.63,6.46,6.53,6.48,0.05,0.7716,166813.0,109188.737
603113.SH,20250516,6.51,6.58,6.47,6.51,6.53,-0.02,-0.3063,121351.31,79108.397
603113.SH,20250519,6.48,6.57,6.42,6.52,6.51,0.01,0.1536,107405.0,69677.786
603113.SH,20250520,6.53,6.56,6.43,6.47,6.52,-0.05,-0.7669,92734.0,60045.331
603113.SH,20250521,6.47,6.54,6.46,6.5,6.47,0.03,0.4637,100401.0,65277.83
603113.SH,20250522,6.49,6.7,6.47,6.59,6.5,0.09,1.3846,181887.65,120244.719
603113.SH,20250523,6.58,6.63,6.49,6.5,6.59,-0.09,-1.3657,111648.13,73221.86
603113.SH,20250526,6.5,6.53,6.39,6.46,6.5,-0.04,-0.6154,111445.4,71816.709
603113.SH,20250527,6.44,6.58,6.37,6.54,6.46,0.08,1.2384,133863.65,86449.563
603113.SH,20250528,6.5,6.54,6.45,6.5,6.54,-0.04,-0.6116,85366.0,55383.272
603113.SH,20250529,6.51,6.62,6.51,6.55,6.5,0.05,0.7692,93928.1,61710.224
603113.SH,20250530,6.56,6.58,6.52,6.56,6.55,0.01,0.1527,83816.0,54890.552
603113.SH,20250603,6.51,6.54,6.32,6.47,6.56,-0.09,-1.372,135126.9,86836.881
603113.SH,20250604,6.47,6.97,6.47,6.89,6.47,0.42,6.4915,312996.87,211756.972
603113.SH,20250605,6.89,6.93,6.79,6.87,6.89,-0.02,-0.2903,160456.26,110035.768
603113.SH,20250606,6.85,7.03,6.85,6.92,6.87,0.05,0.7278,170526.64,117967.747
603113.SH,20250609,7.06,7.16,6.95,7.15,6.92,0.23,3.3237,189530.0,133855.027
603113.SH,20250610,7.14,7.18,6.93,7.02,7.15,-0.13,-1.8182,174392.0,122975.4
603113.SH,20250611,7.02,7.13,6.96,6.98,7.02,-0.04,-0.5698,141335.0,99351.449
603113.SH,20250612,6.98,6.99,6.84,6.92,6.98,-0.06,-0.8596,125156.0,86281.802
603113.SH,20250613,6.9,6.95,6.74,6.78,6.92,-0.14,-2.0231,174387.64,118828.228
603113.SH,20250616,6.81,6.83,6.66,6.72,6.78,-0.06,-0.885,111354.24,75015.737
603113.SH,20250617,6.74,6.78,6.67,6.75,6.72,0.03,0.4464,70844.78,47672.324
603113.SH,20250618,6.74,6.76,6.64,6.67,6.75,-0.08,-1.1852,74217.78,49578.142
603113.SH,20250619,6.67,6.68,6.5,6.55,6.67,-0.12,-1.7991,92467.0,60760.17
603113.SH,20250620,6.54,6.58,6.49,6.51,6.55,-0.04,-0.6107,64013.0,41819.472
603113.SH,20250623,6.46,6.6,6.43,6.59,6.51,0.08,1.2289,74688.78,48910.449
603113.SH,20250624,6.58,6.73,6.52,6.73,6.59,0.14,2.1244,108088.0,71723.456
603113.SH,20250625,6.64,6.69,6.56,6.64,6.61,0.03,0.4539,90086.45,59664.57
603113.SH,20250626,6.66,6.69,6.58,6.59,6.64,-0.05,-0.753,67499.54,44703.86
603113.SH,20250627,6.6,7.05,6.6,6.92,6.59,0.33,5.0076,187002.54,128477.96
603113.SH,20250630,6.93,6.98,6.85,6.93,6.92,0.01,0.1445,130221.59,89807.682
603113.SH,20250701,6.95,7.18,6.86,7.14,6.93,0.21,3.0303,165551.82,116795.96
603113.SH,20250702,7.14,7.28,7.1,7.27,7.14,0.13,1.8207,152868.41,109961.628
603113.SH,20250703,7.23,7.32,7.19,7.28,7.27,0.01,0.1376,108875.75,78826.07
603113.SH,20250704,7.3,7.33,7.18,7.19,7.28,-0.09,-1.2363,130612.92,94573.371
603113.SH,20250707,7.16,7.27,7.12,7.21,7.19,0.02,0.2782,115045.39,82749.786
603113.SH,20250708,7.16,7.32,7.16,7.29,7.21,0.08,1.1096,116950.22,84887.739
603113.SH,20250709,7.26,7.4,7.26,7.32,7.29,0.03,0.4115,116775.93,85459.243
603113.SH,20250710,7.28,7.52,7.27,7.51,7.32,0.19,2.5956,157201.28,116716.709
603113.SH,20250711,7.53,7.54,7.35,7.38,7.51,-0.13,-1.731,123500.56,91363.328
603113.SH,20250714,7.09,7.09,6.86,6.87,7.38,-0.51,-6.9106,379315.48,263319.99
603113.SH,20250715,6.9,6.96,6.73,6.78,6.87,-0.09,-1.31,222989.99,152169.763
603113.SH,20250716,6.78,6.81,6.73,6.75,6.78,-0.03,-0.4425,119227.68,80634.723
603113.SH,20250717,6.75,7.15,6.75,6.95,6.75,0.2,2.963,243632.0,169383.869
603113.SH,20250718,6.95,7.09,6.9,6.96,6.95,0.01,0.1439,145157.0,101436.321
603113.SH,20250721,6.99,7.35,6.98,7.24,6.96,0.28,4.023,205253.83,148255.291
603113.SH,20250722,7.26,7.55,7.25,7.52,7.24,0.28,3.8674,247820.0,183620.361
603113.SH,20250723,7.6,7.66,7.4,7.43,7.52,-0.09,-1.1968,216758.0,162270.927
603113.SH,20250724,7.42,7.51,7.37,7.5,7.43,0.07,0.9421,141167.0,104932.134
603113.SH,20250725,7.5,7.68,7.46,7.61,7.5,0.11,1.4667,141691.0,107581.246
603113.SH,20250728,7.52,7.54,7.29,7.33,7.61,-0.28,-3.6794,169925.47,125114.353
603113.SH,20250729,7.28,7.34,7.17,7.28,7.33,-0.05,-0.6821,145988.13,105717.104
603113.SH,20250730,7.29,7.42,7.27,7.33,7.28,0.05,0.6868,121573.42,89340.352
603113.SH,20250731,7.33,7.33,7.1,7.15,7.33,-0.18,-2.4557,123470.99,88545.564
603113.SH,20250801,7.12,7.18,7.11,7.16,7.15,0.01,0.1399,77769.0,55622.638
603113.SH,20250804,7.16,7.32,7.1,7.3,7.16,0.14,1.9553,82094.39,59198.487
603113.SH,20250805,7.3,7.34,7.24,7.3,7.3,0.0,0.0,78202.39,56982.936
603113.SH,20250806,7.31,7.73,7.27,7.59,7.3,0.29,3.9726,234900.82,176349.515
603113.SH,20250807,7.58,7.67,7.44,7.49,7.59,-0.1,-1.3175,123962.47,93170.545
603113.SH,20250808,7.48,7.73,7.47,7.73,7.49,0.24,3.2043,139558.41,106287.278
603113.SH,20250811,7.78,8.23,7.77,8.04,7.73,0.31,4.0103,258222.18,208358.679
603113.SH,20250812,8.02,8.15,7.93,8.09,8.04,0.05,0.6219,179456.05,144178.232
603113.SH,20250813,8.09,8.11,7.93,8.0,8.09,-0.09,-1.1125,171974.0,137379.24
603113.SH,20250814,8.0,8.14,7.85,7.89,8.0,-0.11,-1.375,197487.18,157895.132
603113.SH,20250815,7.85,8.12,7.85,8.08,7.89,0.19,2.4081,130154.0,104761.989
603113.SH,20250818,8.15,8.22,7.9,7.97,8.08,-0.11,-1.3614,252609.72,201457.595
603113.SH,20250819,7.96,8.35,7.86,8.15,7.97,0.18,2.2585,225803.0,182837.303
603113.SH,20250820,8.1,8.38,8.1,8.15,8.15,0.0,0.0,174600.82,143208.743
603113.SH,20250821,8.14,8.15,7.96,8.01,8.15,-0.14,-1.7178,165626.39,133244.542
603113.SH,20250822,8.02,8.03,7.89,7.95,8.01,-0.06,-0.7491,124354.0,98746.375
603113.SH,20250825,7.97,8.09,7.91,7.99,7.95,0.04,0.5031,141642.0,113203.343
603113.SH,20250826,8.03,8.06,7.93,7.94,7.99,-0.05,-0.6258,129624.0,103553.488
603113.SH,20250827,7.93,7.94,7.73,7.74,7.94,-0.2,-2.5189,161050.0,126224.01
603113.SH,20250828,7.72,7.82,7.52,7.8,7.74,0.06,0.7752,188643.0,144829.831
603113.SH,20250829,7.79,7.92,7.69,7.74,7.8,-0.06,-0.7692,91004.0,70827.863
603113.SH,20250901,7.75,7.82,7.67,7.72,7.74,-0.02,-0.2584,93162.0,72037.359
603113.SH,20250902,7.7,7.78,7.53,7.63,7.72,-0.09,-1.1658,138007.57,104900.621
603113.SH,20250903,7.62,7.65,7.37,7.4,7.63,-0.23,-3.0144,102577.49,76665.953
603113.SH,20250904,7.41,7.51,7.33,7.47,7.4,0.07,0.9459,89284.21,66377.4
603113.SH,20250905,7.48,7.5,7.41,7.48,7.47,0.01,0.1339,77838.67,58073.989
603113.SH,20250908,7.5,7.67,7.46,7.64,7.48,0.16,2.139,94272.22,71298.105
603113.SH,20250909,7.63,7.66,7.5,7.54,7.64,-0.1,-1.3089,69332.0,52438.965
603113.SH,20250910,7.55,7.67,7.41,7.56,7.54,0.02,0.2653,113819.76,85668.052
603113.SH,20250911,7.58,7.62,7.5,7.58,7.56,0.02,0.2646,69122.61,52196.264
603113.SH,20250912,7.57,7.62,7.49,7.53,7.58,-0.05,-0.6596,84956.0,64231.966
603113.SH,20250915,7.55,7.55,7.4,7.45,7.53,-0.08,-1.0624,88647.0,66064.108
603113.SH,20250916,7.45,7.52,7.34,7.4,7.45,-0.05,-0.6711,75176.99,55723.678
603113.SH,20250917,7.15,7.18,7.0,7.03,7.17,-0.14,-1.9526,139808.05,99071.308
603113.SH,20250918,7.03,7.03,6.72,6.78,7.03,-0.25,-3.5562,159762.28,109935.117
603113.SH,20250919,6.75,6.92,6.71,6.9,6.78,0.12,1.7699,109899.25,74922.203
603113.SH,20250922,6.9,6.92,6.83,6.9,6.9,0.0,0.0,63581.62,43735.707
603113.SH,20250923,6.92,7.06,6.7,6.82,6.9,-0.08,-1.1594,110938.75,75763.885
603113.SH,20250924,6.8,6.93,6.76,6.88,6.82,0.06,0.8798,59035.53,40550.073
603113.SH,20250925,6.88,6.9,6.72,6.77,6.88,-0.11,-1.5988,64995.02,44104.757
603113.SH,20250926,6.77,6.84,6.73,6.77,6.77,0.0,0.0,46213.02,31338.364
603113.SH,20250929,6.76,6.84,6.53,6.83,6.77,0.06,0.8863,80547.95,54210.175
603113.SH,20250930,6.79,6.85,6.76,6.81,6.83,-0.02,-0.2928,60397.8,41101.428
603113.SH,20251009,6.81,6.93,6.8,6.92,6.81,0.11,1.6153,72892.78,50130.482
603113.SH,20251010,6.9,7.01,6.81,6.97,6.92,0.05,0.7225,90091.11,62610.8
603113.SH,20251013,6.7,6.91,6.58,6.79,6.97,-0.18,-2.5825,131652.02,89343.612
603113.SH,20251014,6.78,6.94,6.72,6.75,6.79,-0.04,-0.5891,101297.73,68932.109
603113.SH,20251015,6.77,6.8,6.7,6.72,6.75,-0.03,-0.4444,81103.47,54652.663
603113.SH,20251016,6.73,6.73,6.48,6.51,6.72,-0.21,-3.125,153671.14,100539.95
603113.SH,20251017,6.51,6.61,6.46,6.46,6.51,-0.05,-0.768,94098.88,61461.85
603113.SH,20251020,6.49,6.55,6.47,6.52,6.46,0.06,0.9288,78222.99,50970.946
603113.SH,20251021,6.53,6.6,6.48,6.6,6.52,0.08,1.227,81941.59,53786.813
603113.SH,20251022,6.59,6.64,6.54,6.54,6.6,-0.06,-0.9091,72585.31,47753.429
603113.SH,20251023,6.55,6.65,6.51,6.64,6.54,0.1,1.5291,85784.68,56474.681
603113.SH,20251024,6.65,6.66,6.54,6.56,6.64,-0.08,-1.2048,75531.0,49722.168
603113.SH,20251027,6.57,6.66,6.56,6.61,6.56,0.05,0.7622,70362.06,46523.564
603113.SH,20251028,6.59,6.63,6.56,6.58,6.61,-0.03,-0.4539,65792.0,43344.037
603113.SH,20251029,6.57,6.63,6.51,6.6,6.58,0.02,0.304,64442.23,42362.545
603113.SH,20251030,6.59,6.6,6.48,6.5,6.6,-0.1,-1.5152,90235.62,58843.375
603113.SH,20251031,6.34,6.34,6.14,6.28,6.5,-0.22,-3.3846,157669.0,98694.113
603113.SH,20251103,6.3,6.31,6.21,6.27,6.28,-0.01,-0.1592,79552.0,49784.616
603113.SH,20251104,6.27,6.29,6.13,6.16,6.27,-0.11,-1.7544,96612.0,59784.219
603113.SH,20251105,6.15,6.23,6.11,6.2,6.16,0.04,0.6494,64032.31,39632.149
603113.SH,20251106,6.24,6.24,6.17,6.21,6.2,0.01,0.1613,77372.25,47953.998
603113.SH,20251107,6.18,6.32,6.16,6.32,6.21,0.11,1.7713,131366.89,82411.759
603113.SH,20251110,6.34,6.36,6.24,6.31,6.32,-0.01,-0.1582,112810.25,71101.612
603113.SH,20251111,6.31,6.38,6.27,6.37,6.31,0.06,0.9509,87875.58,55645.063
603113.SH,20251112,6.37,6.4,6.28,6.36,6.37,-0.01,-0.157,67571.0,42798.153
603113.SH,20251113,6.36,6.49,6.32,6.46,6.36,0.1,1.5723,100702.0,64638.748
603113.SH,20251114,6.46,6.72,6.46,6.53,6.46,0.07,1.0836,158904.03,104737.696
603113.SH,20251117,6.54,6.55,6.39,6.46,6.53,-0.07,-1.072,102903.0,66280.872
603113.SH,20251118,6.48,6.48,6.28,6.33,6.46,-0.13,-2.0124,99767.46,63232.589
603113.SH,20251119,6.32,6.38,6.21,6.26,6.33,-0.07,-1.1058,60844.25,38162.191
603113.SH,20251120,6.26,6.29,6.16,6.21,6.26,-0.05,-0.7987,67079.71,41736.847
603113.SH,20251121,6.16,6.19,5.9,5.9,6.21,-0.31,-4.9919,126868.35,76407.359
603113.SH,20251124,5.93,5.96,5.85,5.89,5.9,-0.01,-0.1695,70888.61,41813.624
603113.SH,20251125,5.93,6.0,5.88,5.94,5.89,0.05,0.8489,67551.0,40198.347
603113.SH,20251126,5.93,6.01,5.91,5.92,5.94,-0.02,-0.3367,55905.0,33292.184
603113.SH,20251127,5.95,6.51,5.91,6.51,5.92,0.59,9.9662,441422.34,281381.213
603113.SH,20251128,6.4,6.48,6.14,6.29,6.51,-0.22,-3.3794,497641.62,310428.373
603113.SH,20251201,6.27,6.31,6.24,6.29,6.29,0.0,0.0,219020.25,137472.1
603113.SH,20251202,6.28,6.92,6.18,6.92,6.29,0.63,10.0159,539997.53,356878.561
603113.SH,20251203,6.92,6.95,6.66,6.71,6.92,-0.21,-3.0347,531362.35,358868.306
603113.SH,20251204,6.69,6.87,6.6,6.82,6.71,0.11,1.6393,429537.41,289960.48
603113.SH,20251205,6.72,6.86,6.7,6.8,6.82,-0.02,-0.2933,281023.41,190601.921
603113.SH,20251208,6.75,6.85,6.56,6.85,6.8,0.05,0.7353,357523.28,239269.994
603113.SH,20251209,6.76,6.77,6.64,6.66,6.85,-0.19,-2.7737,224417.86,149994.083
603113.SH,20251210,6.66,6.66,6.45,6.49,6.66,-0.17,-2.5526,202180.28,131867.879
603113.SH,20251211,6.49,6.55,6.28,6.28,6.49,-0.21,-3.2357,177526.06,113782.101
603113.SH,20251212,6.28,6.33,6.15,6.15,6.28,-0.13,-2.0701,162554.89,101234.204
603113.SH,20251215,6.1,6.23,6.07,6.12,6.15,-0.03,-0.4878,101777.11,62813.462
603113.SH,20251216,6.12,6.19,6.03,6.07,6.12,-0.05,-0.817,118496.85,72307.011
603113.SH,20251217,6.05,6.09,5.94,6.07,6.07,0.0,0.0,128793.68,77307.936
603113.SH,20251218,6.06,6.13,6.04,6.1,6.07,0.03,0.4942,93659.97,57160.076
603113.SH,20251219,6.12,6.23,6.08,6.22,6.1,0.12,1.9672,112854.38,69701.179
603113.SH,20251222,6.24,6.29,6.19,6.23,6.22,0.01,0.1608,89058.9,55615.538
603113.SH,20251223,6.23,6.24,6.1,6.1,6.23,-0.13,-2.0867,89517.0,54953.793
603113.SH,20251224,6.1,6.18,6.02,6.18,6.1,0.08,1.3115,75250.59,46156.718
603113.SH,20251225,6.17,6.18,6.1,6.18,6.18,0.0,0.0,73368.9,45107.677
603113.SH,20251226,6.17,6.23,6.12,6.17,6.18,-0.01,-0.1618,88501.09,54627.599
603113.SH,20251229,6.15,6.18,6.09,6.11,6.17,-0.06,-0.9724,72142.0,44179.926
603113.SH,20251230,6.08,6.26,6.03,6.19,6.11,0.08,1.3093,115986.4,71367.204
603113.SH,20251231,6.2,6.2,6.08,6.11,6.19,-0.08,-1.2924,81454.74,49759.593
603113.SH,20260105,6.12,6.17,6.1,6.14,6.11,0.03,0.491,75022.99,46034.039
603113.SH,20260106,6.14,6.26,6.14,6.26,6.14,0.12,1.9544,136381.51,84943.583
603113.SH,20260107,6.28,6.57,6.2,6.55,6.26,0.29,4.6326,324314.99,208115.598
603113.SH,20260108,6.45,6.74,6.37,6.54,6.55,-0.01,-0.1527,258597.34,168948.705
603113.SH,20260109,6.48,6.58,6.43,6.5,6.54,-0.04,-0.6116,134572.0,87289.817
603113.SH,20260112,6.5,6.5,6.42,6.47,6.5,-0.03,-0.4615,124626.97,80400.551
603113.SH,20260113,6.48,6.54,6.37,6.39,6.47,-0.08,-1.2365,125438.98,81075.105
603113.SH,20260114,6.38,6.47,6.29,6.41,6.39,0.02,0.313,164292.51,105087.506
603113.SH,20260115,6.39,6.44,6.28,6.3,6.41,-0.11,-1.7161,115003.1,72970.292
603113.SH,20260116,6.34,6.46,6.26,6.37,6.3,0.07,1.1111,119954.0,76252.034
603113.SH,20260119,6.35,6.47,6.34,6.47,6.37,0.1,1.5699,92452.74,59381.743
603113.SH,20260120,6.47,6.51,6.41,6.51,6.47,0.04,0.6182,95099.0,61437.645
603113.SH,20260121,6.49,6.53,6.44,6.51,6.51,0.0,0.0,87653.83,56924.433
603113.SH,20260122,6.5,6.65,6.5,6.65,6.51,0.14,2.1505,135654.53,89530.659
603113.SH,20260123,6.67,6.69,6.61,6.69,6.65,0.04,0.6015,123723.88,82300.43
603113.SH,20260126,6.69,6.88,6.66,6.87,6.69,0.18,2.6906,219983.16,149232.577
603113.SH,20260127,6.8,6.8,6.57,6.66,6.87,-0.21,-3.0568,181790.69,120883.311
603113.SH,20260128,6.65,7.13,6.63,6.99,6.66,0.33,4.955,355380.39,245798.354
603113.SH,20260129,6.96,7.2,6.92,7.11,6.99,0.12,1.7167,280262.16,198193.498
603113.SH,20260130,7.08,7.2,6.86,7.0,7.11,-0.11,-1.5471,266747.99,186881.417
603113.SH,20260202,7.02,7.25,6.85,6.88,7.0,-0.12,-1.7143,282267.12,198962.769
603113.SH,20260203,6.99,7.19,6.9,7.07,6.88,0.19,2.7616,191687.24,135501.514
603113.SH,20260204,7.04,7.19,6.98,7.18,7.07,0.11,1.5559,193030.38,137623.51
603113.SH,20260205,7.15,7.17,6.96,6.97,7.18,-0.21,-2.9248,132270.59,93104.335
603113.SH,20260206,6.9,7.25,6.83,7.22,6.97,0.25,3.5868,251944.49,179443.437
603113.SH,20260209,7.24,7.25,7.1,7.17,7.22,-0.05,-0.6925,142958.01,102383.363
603113.SH,20260210,7.13,7.21,7.09,7.12,7.17,-0.05,-0.6974,104117.76,74314.886
603113.SH,20260211,7.09,7.2,7.05,7.14,7.12,0.02,0.2809,118474.15,84646.705
603113.SH,20260212,7.13,7.15,6.97,6.97,7.14,-0.17,-2.381,150198.5,105422.534
603113.SH,20260213,6.93,6.97,6.83,6.85,6.97,-0.12,-1.7217,109761.19,75674.538
603113.SH,20260224,6.99,7.16,6.91,7.13,6.85,0.28,4.0876,143250.23,101287.135
603113.SH,20260225,7.08,7.45,7.08,7.29,7.13,0.16,2.244,196090.65,143277.141
603113.SH,20260226,7.25,7.31,7.17,7.22,7.29,-0.07,-0.9602,111801.22,80726.122
603113.SH,20260227,7.16,7.32,7.14,7.32,7.22,0.1,1.385,94148.0,68271.808
